4 0.271875 0.2796875 0.0234375 0.05
6 0.2703125 0.1984375 0.01640625 0.0390625
4 0.5734375 0.2 0.01015625 0.04296875
4 0.5296875 0.23671875 0.009375 0.03828125
4 0.2640625 0.290625 0.0171875 0.0546875
4 0.61484375 0.2375 0.0140625 0.0453125
4 0.453125 0.2203125 0.01015625 0.040625
4 0.528125 0.2703125 0.015625 0.05078125
4 0.3734375 0.378125 0.0265625 0.059375
4 0.4046875 0.2921875 0.01328125 0.05078125
6 0.453125 0.41015625 0.0109375 0.06328125
4 0.3765625 0.253125 0.0109375 0.0484375
4 0.5578125 0.27265625 0.0109375 0.053125
4 0.21171875 0.39296875 0.01640625 0.06015625
4 0.725 0.28515625 0.0109375 0.05390625
4 0.2953125 0.37578125 0.0140625 0.0609375
4 0.29765625 0.253125 0.0203125 0.05
4 0.6359375 0.3328125 0.0125 0.059375
4 0.1828125 0.5234375 0.01875 0.0703125
4 0.23125 0.43046875 0.01796875 0.06875
4 0.1703125 0.6953125 0.02265625 0.09453125
4 0.7921875 0.525 0.0203125 0.08046875
0 0.61015625 0.2546875 0.00625 0.0125