0 0.725 0.55 0.0125 0.0125
4 0.1296875 0.26484375 0.0140625 0.046875
4 0.31875 0.2203125 0.0171875 0.05234375
6 0.09609375 0.209375 0.0140625 0.046875
4 0.509375 0.215625 0.01171875 0.0453125
4 0.471875 0.234375 0.01015625 0.04765625
4 0.58125 0.26875 0.01484375 0.05703125
6 0.46875 0.3140625 0.0125 0.0546875
4 0.60625 0.5375 0.01875 0.06796875
4 0.4765625 0.33984375 0.015625 0.0609375
4 0.6984375 0.3625 0.0140625 0.0671875
4 0.2796875 0.36875 0.015625 0.06328125
4 0.2046875 0.3078125 0.015625 0.0609375
4 0.325 0.3171875 0.0171875 0.0625
4 0.0765625 0.3953125 0.0125 0.065625
4 0.5640625 0.4296875 0.02109375 0.06953125
4 0.2265625 0.5984375 0.01875 0.0875
4 0.3953125 0.36484375 0.01640625 0.0609375
4 0.6796875 0.3953125 0.015625 0.071875
4 0.7875 0.571875 0.0203125 0.07578125
4 0.2984375 0.47265625 0.0171875 0.07734375
4 0.740625 0.4125 0.0203125 0.07265625
4 0.81875 0.596875 0.0359375 0.0703125