6 0.40703125 0.2203125 0.01171875 0.03671875
4 0.75859375 0.30546875 0.009375 0.04453125
4 0.5859375 0.2578125 0.01171875 0.0390625
6 0.621875 0.328125 0.0109375 0.05078125
4 0.6171875 0.375 0.015625 0.053125
4 0.746875 0.328125 0.01015625 0.05234375
4 0.4265625 0.315625 0.0125 0.0484375
4 0.7671875 0.375 0.0109375 0.05859375
4 0.584375 0.403125 0.0125 0.0625
4 0.7953125 0.378125 0.01328125 0.05703125
4 0.66015625 0.43671875 0.0125 0.06015625
4 0.825 0.4171875 0.0109375 0.06484375
4 0.4921875 0.43828125 0.01484375 0.06015625
4 0.8859375 0.52421875 0.015625 0.0703125
4 0.4390625 0.690625 0.01640625 0.07578125
4 0.34375 0.4375 0.01328125 0.0609375
4 0.509375 0.55 0.01484375 0.071875
3 0.0671875 0.453125 0.01015625 0.0609375
4 0.89609375 0.62578125 0.01640625 0.0703125
4 0.43203125 0.5078125 0.0171875 0.0671875
4 0.58125 0.69765625 0.02421875 0.0859375
4 0.659375 0.51953125 0.015625 0.0703125
4 0.778125 0.659375 0.0203125 0.07734375