4 0.475 0.2421875 0.01171875 0.040625
4 0.4828125 0.26015625 0.00859375 0.040625
4 0.5953125 0.30546875 0.009375 0.040625
6 0.1921875 0.22734375 0.009375 0.03828125
6 0.5578125 0.33515625 0.0109375 0.053125
4 0.6453125 0.27265625 0.0125 0.04921875
4 0.3890625 0.3375 0.01015625 0.0578125
4 0.79375 0.4328125 0.01875 0.06875
4 0.428125 0.2953125 0.0109375 0.053125
4 0.5984375 0.3421875 0.0109375 0.053125
4 0.409375 0.340625 0.009375 0.0546875
4 0.6296875 0.271875 0.0109375 0.0484375
4 0.746875 0.384375 0.0109375 0.05703125
4 0.078125 0.3890625 0.01015625 0.0625
4 0.2140625 0.28515625 0.01484375 0.0484375
4 0.78828125 0.55625 0.01875 0.07265625
4 0.76484375 0.44296875 0.0171875 0.05703125
4 0.709375 0.346875 0.01796875 0.0609375
4 0.5359375 0.42421875 0.021875 0.0609375
4 0.6890625 0.70625 0.02109375 0.084375
4 0.234375 0.375 0.015625 0.05859375
4 0.2125 0.56015625 0.01875 0.0796875
0 0.2203125 0.30703125 0.00546875 0.01171875