6 0.3046875 0.1953125 0.0109375 0.034375
4 0.5703125 0.2328125 0.0109375 0.0421875
4 0.3578125 0.2515625 0.0109375 0.04453125
4 0.3734375 0.31171875 0.01015625 0.053125
0 0.665625 0.63671875 0.0078125 0.0140625
4 0.63828125 0.28046875 0.01640625 0.05234375
4 0.690625 0.6203125 0.0234375 0.0828125
4 0.3734375 0.396875 0.01328125 0.04921875
4 0.578125 0.3171875 0.0125 0.0546875
4 0.4546875 0.2953125 0.0125 0.053125
4 0.303125 0.54375 0.01875 0.07578125
4 0.27421875 0.309375 0.0125 0.05859375
4 0.4046875 0.365625 0.0140625 0.059375
4 0.25390625 0.3140625 0.01328125 0.05078125
6 0.3734375 0.4453125 0.0140625 0.06953125
4 0.65625 0.315625 0.0125 0.05859375
4 0.228125 0.3671875 0.01328125 0.0640625
4 0.62265625 0.384375 0.01328125 0.065625
4 0.2578125 0.66875 0.0265625 0.0875
4 0.5890625 0.571875 0.0234375 0.07265625
4 0.8296875 0.3328125 0.0140625 0.05546875
4 0.434375 0.8015625 0.03671875 0.09921875
4 0.24765625 0.4796875 0.0140625 0.0703125