6 0.33359375 0.209375 0.01015625 0.0359375
4 0.5609375 0.2171875 0.015625 0.03984375
6 0.58984375 0.309375 0.01015625 0.05703125
4 0.6921875 0.2671875 0.009375 0.04296875
4 0.6734375 0.28828125 0.009375 0.05078125
4 0.52734375 0.303125 0.01015625 0.0484375
4 0.4625 0.4359375 0.01796875 0.06875
4 0.39375 0.2921875 0.0171875 0.04921875
4 0.5890625 0.3640625 0.0109375 0.05859375
4 0.759375 0.35 0.01484375 0.05859375
4 0.48359375 0.35625 0.0125 0.05859375
4 0.4546875 0.496875 0.015625 0.07578125
4 0.4359375 0.3875 0.01328125 0.06484375
4 0.72734375 0.3140625 0.0125 0.0546875
4 0.8484375 0.6359375 0.0171875 0.0765625
4 0.8328125 0.603125 0.015625 0.0734375
4 0.49765625 0.6640625 0.01875 0.078125
4 0.846875 0.46171875 0.015625 0.071875
4 0.290625 0.39765625 0.0140625 0.0625
4 0.46640625 0.63828125 0.015625 0.08828125
4 0.6484375 0.4578125 0.015625 0.0640625
4 0.784375 0.365625 0.0125 0.0625
0 0.4078125 0.3125 0.00625 0.0140625