0 0.6484375 0.2796875 0.00625 0.0109375
4 0.46015625 0.19921875 0.0078125 0.0390625
6 0.21875 0.1953125 0.009375 0.0421875
4 0.3015625 0.23984375 0.01015625 0.04453125
4 0.3953125 0.28828125 0.0125 0.04921875
4 0.35859375 0.3453125 0.0125 0.06015625
4 0.69375 0.290625 0.009375 0.0546875
4 0.63515625 0.2265625 0.0171875 0.0453125
4 0.440625 0.27421875 0.0125 0.05390625
4 0.24609375 0.290625 0.015625 0.05859375
4 0.1921875 0.35546875 0.01484375 0.0609375
4 0.6203125 0.3 0.0140625 0.0546875
6 0.4640625 0.4171875 0.0125 0.06640625
4 0.24140625 0.76328125 0.03125 0.10078125
4 0.3765625 0.4375 0.015625 0.06875
4 0.1828125 0.33515625 0.0125 0.05546875
4 0.60625 0.3625 0.0140625 0.06015625
4 0.1625 0.446875 0.021875 0.07265625
4 0.575 0.3171875 0.0125 0.053125
4 0.42109375 0.4421875 0.01875 0.0671875
4 0.178125 0.465625 0.0171875 0.075
4 0.8375 0.55625 0.02578125 0.0796875
4 0.1546875 0.565625 0.025 0.0765625