4 0.6875 0.4875 0.02734375 0.0671875
4 0.6984375 0.4921875 0.025 0.05859375
4 0.109375 0.61015625 0.01875 0.07734375
4 0.56875 0.5484375 0.01875 0.06796875
4 0.3296875 0.3484375 0.0125 0.046875
4 0.23125 0.43515625 0.02109375 0.05546875
4 0.65 0.54296875 0.02890625 0.05859375
4 0.740625 0.5890625 0.0328125 0.0609375
4 0.6234375 0.634375 0.0171875 0.06953125
4 0.6734375 0.3671875 0.021875 0.046875
4 0.3765625 0.5734375 0.0171875 0.0671875
4 0.715625 0.5765625 0.02265625 0.059375
4 0.134375 0.63046875 0.0140625 0.07734375
4 0.634375 0.315625 0.021875 0.04140625
4 0.153125 0.4578125 0.0140625 0.06328125
4 0.234375 0.5 0.0171875 0.06796875
4 0.559375 0.4609375 0.02109375 0.059375
6 0.496875 0.409375 0.01875 0.0484375
4 0.3953125 0.5296875 0.021875 0.06328125
4 0.4984375 0.5625 0.021875 0.0703125
4 0.2203125 0.675 0.02578125 0.06796875
6 0.59296875 0.2109375 0.01171875 0.03125
0 0.74453125 0.60859375 0.00703125 0.01328125