4 0.6484375 0.3078125 0.0078125 0.02734375
3 0.1453125 0.425 0.01484375 0.040625
4 0.36875 0.365625 0.0078125 0.0359375
4 0.70625 0.4421875 0.00859375 0.040625
4 0.746875 0.375 0.00703125 0.0375
4 0.7390625 0.43046875 0.01015625 0.040625
4 0.1109375 0.603125 0.02265625 0.053125
4 0.3296875 0.73984375 0.01328125 0.06484375
4 0.42578125 0.36953125 0.009375 0.03515625
6 0.6125 0.47265625 0.01015625 0.04765625
4 0.290625 0.484375 0.0125 0.04921875
4 0.18671875 0.6171875 0.01875 0.0484375
4 0.2421875 0.48515625 0.009375 0.046875
4 0.496875 0.409375 0.00859375 0.03984375
4 0.65625 0.4375 0.0140625 0.03984375
4 0.396875 0.51796875 0.021875 0.0453125
4 0.7515625 0.4640625 0.0140625 0.04765625
4 0.6609375 0.640625 0.0140625 0.0640625
4 0.728125 0.6484375 0.0171875 0.065625
4 0.609375 0.5796875 0.01484375 0.05859375
4 0.4171875 0.51875 0.015625 0.0484375
4 0.353125 0.7140625 0.0203125 0.065625
6 0.7984375 0.8578125 0.025 0.078125
6 0.43984375 0.27421875 0.00859375 0.02578125
0 0.096875 0.61875 0.00546875 0.01015625