0 0.125 0.6609375 0.00703125 0.0140625
3 0.10625 0.4296875 0.0109375 0.04453125
6 0.86875 0.365625 0.00703125 0.03046875
4 0.684375 0.3703125 0.00625 0.03046875
4 0.75625 0.38046875 0.0140625 0.03515625
4 0.309375 0.428125 0.009375 0.04453125
4 0.4796875 0.378125 0.0078125 0.0328125
4 0.5 0.4109375 0.00859375 0.0421875
4 0.4234375 0.47265625 0.0109375 0.0453125
4 0.215625 0.57578125 0.01171875 0.06875
4 0.8640625 0.484375 0.015625 0.05234375
4 0.65234375 0.4296875 0.01015625 0.0453125
4 0.3703125 0.45625 0.01015625 0.0484375
4 0.6125 0.4484375 0.01015625 0.046875
4 0.8390625 0.4515625 0.009375 0.046875
4 0.0984375 0.56328125 0.02421875 0.06484375
4 0.5609375 0.534375 0.0140625 0.0578125
6 0.5609375 0.48515625 0.0109375 0.05390625
4 0.3390625 0.690625 0.0125 0.071875
4 0.53984375 0.65546875 0.01328125 0.0703125
4 0.6375 0.5265625 0.0140625 0.0578125
4 0.9015625 0.521875 0.0125 0.0609375
4 0.7515625 0.63984375 0.01796875 0.07734375
4 0.1359375 0.72578125 0.01953125 0.08515625