6 0.834375 0.3828125 0.0078125 0.02734375
4 0.44375 0.43515625 0.0078125 0.0390625
4 0.296875 0.4453125 0.0078125 0.03984375
4 0.49375 0.39921875 0.0078125 0.03359375
4 0.684375 0.38984375 0.00859375 0.03203125
4 0.6296875 0.45 0.00859375 0.03984375
4 0.38203125 0.4921875 0.0109375 0.04609375
4 0.1125 0.528125 0.02109375 0.05234375
4 0.0875 0.540625 0.01953125 0.05
4 0.79375 0.4140625 0.009375 0.0375
4 0.6625 0.57734375 0.01015625 0.06015625
6 0.51015625 0.5046875 0.009375 0.04921875
4 0.634375 0.5015625 0.0109375 0.05
4 0.8109375 0.5125 0.0140625 0.0484375
4 0.8234375 0.48828125 0.0109375 0.04921875
4 0.325 0.53125 0.015625 0.05234375
4 0.246875 0.6265625 0.01953125 0.06328125
4 0.4125 0.71875 0.0234375 0.07890625
4 0.8171875 0.559375 0.01484375 0.065625
4 0.37734375 0.54296875 0.0203125 0.053125
4 0.1640625 0.646875 0.0125 0.06875
4 0.565625 0.6875 0.021875 0.07421875
0 0.090625 0.525 0.00703125 0.0125
3 0.13046875 0.4578125 0.0140625 0.0453125