4 0.59921875 0.353125 0.01015625 0.0328125
3 0.9671875 0.409375 0.01640625 0.05
4 0.3703125 0.346875 0.009375 0.03125
4 0.41953125 0.3390625 0.00703125 0.03359375
6 0.1734375 0.3453125 0.00703125 0.034375
4 0.4 0.3875 0.009375 0.046875
4 0.5484375 0.3796875 0.00859375 0.0421875
4 0.5078125 0.4 0.009375 0.0421875
4 0.95 0.5109375 0.01484375 0.059375
4 0.603125 0.41171875 0.01015625 0.046875
4 0.49375 0.4796875 0.0109375 0.05703125
4 0.765625 0.40625 0.0109375 0.0453125
4 0.746875 0.4140625 0.0125 0.040625
4 0.47578125 0.4671875 0.01015625 0.05234375
4 0.1625 0.446875 0.01171875 0.05703125
4 0.2609375 0.40078125 0.01015625 0.046875
4 0.146875 0.4453125 0.01171875 0.05078125
6 0.5171875 0.4296875 0.0125 0.0484375
4 0.64375 0.5171875 0.021875 0.0609375
4 0.18671875 0.51953125 0.0125 0.0609375
4 0.3703125 0.5453125 0.015625 0.0640625
4 0.34375 0.640625 0.0234375 0.06796875
4 0.80390625 0.8015625 0.02578125 0.1046875
0 0.8515625 0.4875 0.00625 0.01328125