6 0.61640625 0.2390625 0.01328125 0.0609375
4 0.25625 0.3953125 0.01875 0.08359375
4 0.24453125 0.403125 0.02265625 0.078125
4 0.5375 0.27734375 0.01640625 0.0640625
4 0.484375 0.3671875 0.015625 0.06796875
4 0.5078125 0.396875 0.0203125 0.0796875
4 0.5734375 0.34375 0.028125 0.07265625
4 0.61796875 0.309375 0.0171875 0.07578125
4 0.1734375 0.3203125 0.0234375 0.0703125
4 0.2046875 0.32578125 0.021875 0.0625
4 0.39375 0.290625 0.015625 0.075
4 0.5625 0.4 0.02265625 0.08515625
4 0.7421875 0.359375 0.01875 0.08046875
4 0.71875 0.36875 0.01796875 0.08984375
4 0.68515625 0.43125 0.0171875 0.08984375
4 0.703125 0.3234375 0.02109375 0.08046875
6 0.4953125 0.4359375 0.02109375 0.09921875
4 0.2609375 0.47265625 0.0234375 0.1125
4 0.865625 0.459375 0.01953125 0.10234375
4 0.10078125 0.475 0.02578125 0.10703125
4 0.778125 0.659375 0.025 0.1234375
4 0.2546875 0.6546875 0.0375 0.1234375
0 0.2515625 0.4375 0.0078125 0.0140625