4 0.3140625 0.3859375 0.009375 0.04140625
4 0.31875 0.3203125 0.00625 0.04296875
4 0.40625 0.334375 0.0125 0.04453125
4 0.359375 0.35078125 0.0078125 0.040625
4 0.275 0.3375 0.009375 0.04296875
6 0.978125 0.26875 0.0109375 0.0421875
4 0.72890625 0.296875 0.009375 0.0421875
4 0.2890625 0.35 0.01171875 0.0484375
4 0.25625 0.3921875 0.01015625 0.05
4 0.34765625 0.36328125 0.01015625 0.04765625
4 0.4765625 0.31875 0.0125 0.0390625
4 0.609375 0.446875 0.01015625 0.05859375
6 0.4078125 0.375 0.0109375 0.05234375
4 0.7453125 0.321875 0.0078125 0.04296875
4 0.50234375 0.35546875 0.01015625 0.046875
4 0.31875 0.4125 0.0140625 0.053125
4 0.8203125 0.38203125 0.01171875 0.04921875
4 0.6203125 0.4515625 0.0109375 0.06015625
4 0.5421875 0.3828125 0.01015625 0.05
3 0.26875 0.29609375 0.0125 0.046875
0 0.43671875 0.2984375 0.00546875 0.01015625
4 0.4171875 0.328125 0.015625 0.04140625
4 0.39296875 0.296875 0.01171875 0.0390625
4 0.38359375 0.3 0.01328125 0.03515625