3 0.71875 0.34765625 0.0109375 0.03828125
4 0.6390625 0.41328125 0.0140625 0.0359375
4 0.6109375 0.4890625 0.01015625 0.0359375
4 0.4875 0.31953125 0.0078125 0.03203125
4 0.203125 0.4 0.01015625 0.03359375
4 0.5046875 0.32734375 0.009375 0.02734375
4 0.3140625 0.4015625 0.0078125 0.034375
4 0.5953125 0.4109375 0.01015625 0.0359375
4 0.21875 0.34921875 0.00703125 0.02734375
4 0.23046875 0.3875 0.009375 0.034375
4 0.6375 0.453125 0.01484375 0.0375
4 0.15625 0.50625 0.00859375 0.0484375
4 0.746875 0.55078125 0.009375 0.05234375
4 0.3078125 0.4328125 0.009375 0.0375
6 0.51875 0.4140625 0.00859375 0.0359375
4 0.48125 0.4828125 0.01171875 0.04453125
4 0.421875 0.3640625 0.0109375 0.03203125
4 0.146875 0.4203125 0.01171875 0.03984375
4 0.5015625 0.46875 0.015625 0.03984375
6 0.8671875 0.603125 0.0171875 0.0578125
0 0.45234375 0.309375 0.00625 0.01171875
4 0.5671875 0.37109375 0.01171875 0.0375
4 0.61171875 0.50859375 0.0203125 0.02421875
6 0.1515625 0.3171875 0.0109375 0.0328125
4 0.1609375 0.496875 0.009375 0.04609375