3 0.8265625 0.3125 0.0125 0.02734375
4 0.44375 0.2734375 0.00625 0.0296875
4 0.2828125 0.3453125 0.00703125 0.03125
4 0.6171875 0.3359375 0.01015625 0.0375
4 0.30625 0.3 0.00703125 0.02890625
4 0.28046875 0.371875 0.009375 0.0390625
4 0.4453125 0.325 0.00625 0.0359375
3 0.0140625 0.3953125 0.0109375 0.0421875
4 0.696875 0.2765625 0.00859375 0.03046875
4 0.790625 0.384375 0.009375 0.03515625
4 0.5703125 0.41015625 0.009375 0.0390625
4 0.759375 0.378125 0.009375 0.04296875
4 0.25625 0.55546875 0.01171875 0.05234375
4 0.465625 0.321875 0.009375 0.034375
4 0.2359375 0.6796875 0.0125 0.0578125
6 0.3703125 0.3953125 0.009375 0.0421875
4 0.6171875 0.6125 0.0203125 0.0609375
4 0.6453125 0.4078125 0.0140625 0.04140625
4 0.25625 0.4375 0.0078125 0.04921875
4 0.31875 0.5 0.01171875 0.05078125
4 0.5484375 0.5171875 0.0125 0.05234375
4 0.3328125 0.3015625 0.0078125 0.03046875
6 0.3125 0.24296875 0.00625 0.02734375
0 0.7875 0.340625 0.00390625 0.00625