4 0.3578125 0.359375 0.009375 0.0375
4 0.5265625 0.25703125 0.00859375 0.02890625
4 0.40625 0.2625 0.00546875 0.02578125
4 0.421875 0.24765625 0.00703125 0.02734375
4 0.3609375 0.3390625 0.009375 0.04140625
4 0.4953125 0.27734375 0.0078125 0.028125
4 0.69375 0.2609375 0.009375 0.0296875
4 0.6203125 0.28984375 0.00625 0.03359375
4 0.5484375 0.45234375 0.009375 0.04375
4 0.709375 0.35078125 0.01015625 0.040625
4 0.5453125 0.34765625 0.01015625 0.0359375
3 0.903125 0.3296875 0.00859375 0.0359375
4 0.9015625 0.425 0.0125 0.04375
3 0.08359375 0.36328125 0.0125 0.03984375
4 0.3515625 0.4484375 0.009375 0.04453125
4 0.63125 0.3296875 0.01328125 0.03828125
6 0.465625 0.34453125 0.009375 0.0390625
4 0.428125 0.41171875 0.009375 0.0453125
4 0.32578125 0.628125 0.01953125 0.0578125
4 0.7671875 0.590625 0.0140625 0.06171875
0 0.6828125 0.2734375 0.0046875 0.0078125
6 0.38828125 0.228125 0.00625 0.028125
4 0.5 0.2953125 0.0109375 0.03125
4 0.35859375 0.31796875 0.00859375 0.03046875
4 0.60703125 0.2296875 0.00625 0.025