6 0.340625 0.25234375 0.01015625 0.046875
4 0.4484375 0.265625 0.0125 0.0421875
4 0.8421875 0.3515625 0.009375 0.059375
4 0.8109375 0.3234375 0.009375 0.053125
4 0.7015625 0.3015625 0.01015625 0.04765625
4 0.8390625 0.3140625 0.0140625 0.05
4 0.515625 0.30625 0.009375 0.05078125
4 0.4734375 0.2828125 0.01171875 0.04453125
4 0.303125 0.2859375 0.0078125 0.05
4 0.890625 0.57578125 0.01875 0.09296875
4 0.375 0.340625 0.01484375 0.05859375
4 0.85 0.3984375 0.01171875 0.06640625
4 0.7328125 0.38203125 0.01640625 0.0640625
4 0.5734375 0.3171875 0.01015625 0.05234375
4 0.825 0.353125 0.01328125 0.06875
3 0.0453125 0.353125 0.015625 0.0609375
4 0.6578125 0.3953125 0.0140625 0.05546875
4 0.390625 0.37421875 0.01328125 0.0609375
6 0.675 0.359375 0.0140625 0.0578125
4 0.378125 0.40625 0.01328125 0.0671875
4 0.0921875 0.41796875 0.021875 0.06796875
6 0.9828125 0.94453125 0.0296875 0.109375
4 0.184375 0.684375 0.03125 0.1046875
4 0.81796875 0.73828125 0.025 0.1140625
0 0.43125 0.28515625 0.00546875 0.01015625