4 0.55625 0.28515625 0.0125 0.03125
4 0.546875 0.3 0.009375 0.03359375
4 0.70390625 0.3109375 0.009375 0.03828125
3 0.9578125 0.3453125 0.0109375 0.0359375
4 0.73125 0.36875 0.0109375 0.03984375
4 0.69765625 0.35 0.0109375 0.04375
4 0.7203125 0.32578125 0.009375 0.04296875
6 0.58984375 0.3296875 0.0078125 0.04140625
4 0.60625 0.34453125 0.0125 0.04453125
4 0.46484375 0.359375 0.009375 0.046875
4 0.43125 0.31328125 0.0140625 0.0359375
4 0.328125 0.365625 0.01015625 0.05078125
4 0.8078125 0.3875 0.009375 0.04765625
4 0.7640625 0.35078125 0.009375 0.0484375
4 0.6265625 0.375 0.01015625 0.04921875
4 0.278125 0.4015625 0.0140625 0.05703125
4 0.365625 0.4375 0.0125 0.05703125
4 0.3015625 0.44765625 0.0109375 0.05703125
4 0.7890625 0.45625 0.0140625 0.0578125
4 0.5640625 0.4125 0.0125 0.053125
4 0.64375 0.50546875 0.01796875 0.0609375
4 0.36484375 0.75703125 0.021875 0.10078125
4 0.3359375 0.765625 0.021875 0.103125
6 0.3 0.278125 0.009375 0.040625
4 0.6953125 0.321875 0.0109375 0.03828125