4 0.40703125 0.4140625 0.0125 0.046875
4 0.52890625 0.5921875 0.01484375 0.07578125
0 0.4234375 0.6578125 0.01015625 0.0125
4 0.41484375 0.446875 0.0203125 0.053125
4 0.4953125 0.3625 0.0109375 0.05
4 0.63125 0.35625 0.01484375 0.053125
4 0.29375 0.59921875 0.0171875 0.06484375
4 0.4625 0.40625 0.015625 0.05234375
4 0.575 0.3515625 0.01015625 0.04921875
4 0.3984375 0.44453125 0.015625 0.0578125
3 0.1140625 0.4421875 0.0140625 0.06015625
4 0.3640625 0.46953125 0.0140625 0.07578125
4 0.49453125 0.4296875 0.01015625 0.0578125
6 0.5375 0.4546875 0.0125 0.05859375
4 0.44375 0.5078125 0.0171875 0.0671875
4 0.5921875 0.528125 0.01484375 0.0640625
4 0.8984375 0.41953125 0.0140625 0.059375
4 0.30625 0.5 0.02578125 0.0640625
4 0.5140625 0.6046875 0.021875 0.06484375
4 0.91875 0.5296875 0.0171875 0.0671875
4 0.7671875 0.52734375 0.0171875 0.065625
4 0.5203125 0.58203125 0.01875 0.06953125