6 0.78125 0.36328125 0.009375 0.03046875
4 0.559375 0.3890625 0.0078125 0.0328125
4 0.34375 0.415625 0.0109375 0.03984375
4 0.390625 0.4125 0.009375 0.03828125
4 0.86640625 0.3796875 0.01015625 0.03046875
4 0.3375 0.43828125 0.01015625 0.03828125
6 0.1203125 0.84375 0.02109375 0.07890625
4 0.390625 0.4453125 0.0125 0.0359375
4 0.8125 0.384375 0.0125 0.0296875
4 0.2015625 0.6546875 0.0140625 0.0578125
4 0.6265625 0.48828125 0.0109375 0.04375
4 0.284375 0.49453125 0.0140625 0.04609375
4 0.5515625 0.428125 0.01015625 0.040625
6 0.51015625 0.48125 0.0109375 0.04453125
4 0.3640625 0.515625 0.01015625 0.04921875
4 0.8703125 0.43984375 0.015625 0.0390625
4 0.3765625 0.55546875 0.0140625 0.053125
4 0.19375 0.703125 0.01328125 0.065625
4 0.25703125 0.55 0.0125 0.0546875
4 0.3484375 0.60078125 0.015625 0.05703125
4 0.66875 0.55234375 0.0125 0.05078125
4 0.8453125 0.5140625 0.0125 0.0484375
4 0.51015625 0.4546875 0.0109375 0.04296875
4 0.5640625 0.3796875 0.00625 0.03125