4 0.6890625 0.3890625 0.00859375 0.0328125
4 0.67265625 0.453125 0.009375 0.046875
3 0.79296875 0.4234375 0.01484375 0.053125
4 0.5546875 0.55703125 0.02265625 0.0578125
4 0.55859375 0.6078125 0.0234375 0.053125
4 0.6953125 0.4171875 0.0125 0.05234375
4 0.7375 0.609375 0.015625 0.065625
4 0.5 0.46953125 0.01484375 0.05546875
4 0.6546875 0.45625 0.01484375 0.04921875
4 0.5859375 0.4203125 0.01484375 0.04765625
4 0.59296875 0.6234375 0.01484375 0.06875
4 0.8171875 0.61796875 0.01875 0.065625
4 0.6765625 0.503125 0.01484375 0.06328125
4 0.296875 0.734375 0.0265625 0.0703125
6 0.50625 0.525 0.015625 0.0625
4 0.578125 0.65 0.0171875 0.0765625
4 0.7578125 0.609375 0.01484375 0.06171875
4 0.8375 0.503125 0.0140625 0.0625
4 0.2828125 0.70703125 0.0203125 0.0734375
4 0.290625 0.4703125 0.01484375 0.06015625
4 0.4796875 0.6359375 0.01796875 0.07578125
4 0.1328125 0.6109375 0.0265625 0.07265625
0 0.5640625 0.625 0.00625 0.0109375
6 0.0203125 0.33359375 0.01328125 0.0421875