4 0.48125 0.4828125 0.0109375 0.03203125
4 0.559375 0.496875 0.009375 0.04765625
3 0.821875 0.4265625 0.0140625 0.04453125
4 0.771875 0.5234375 0.009375 0.05390625
4 0.68125 0.4625 0.009375 0.0484375
4 0.6859375 0.5328125 0.009375 0.053125
4 0.5875 0.4125 0.0125 0.04296875
4 0.478125 0.5125 0.021875 0.053125
4 0.7640625 0.55703125 0.0125 0.05078125
4 0.69375 0.57578125 0.0109375 0.059375
4 0.559375 0.4265625 0.0125 0.040625
4 0.725 0.5609375 0.01328125 0.03515625
4 0.35625 0.434375 0.01171875 0.04375
4 0.5796875 0.51953125 0.0109375 0.0484375
4 0.56875 0.52734375 0.015625 0.05078125
6 0.60234375 0.5046875 0.01484375 0.05078125
6 0.93671875 0.703125 0.0234375 0.065625
4 0.45625 0.51484375 0.0125 0.05234375
4 0.7234375 0.646875 0.0125 0.06328125
4 0.3796875 0.5765625 0.015625 0.06796875
4 0.1609375 0.52421875 0.01171875 0.05546875
4 0.3375 0.58125 0.0140625 0.0578125
4 0.509375 0.625 0.02109375 0.06015625
6 0.146875 0.3484375 0.00859375 0.034375
0 0.5515625 0.5296875 0.00625 0.0125