4 0.3125 0.42265625 0.01015625 0.02890625
4 0.5234375 0.4421875 0.01015625 0.0375
6 0.4625 0.5125 0.0109375 0.0421875
4 0.328125 0.4828125 0.009375 0.03515625
4 0.5921875 0.44375 0.00703125 0.034375
4 0.16875 0.52578125 0.015625 0.04609375
4 0.384375 0.45078125 0.009375 0.03515625
4 0.2359375 0.4953125 0.0109375 0.040625
4 0.64375 0.484375 0.0109375 0.040625
4 0.4359375 0.4765625 0.00703125 0.0375
4 0.846875 0.546875 0.01015625 0.0484375
4 0.60234375 0.5234375 0.0109375 0.03984375
4 0.7484375 0.48828125 0.0109375 0.03984375
4 0.684375 0.546875 0.009375 0.05
4 0.2859375 0.5046875 0.0109375 0.0390625
4 0.709375 0.625 0.009375 0.05234375
4 0.2734375 0.5765625 0.0078125 0.04609375
3 0.034375 0.5125 0.0109375 0.04765625
4 0.15625 0.56875 0.0140625 0.05
4 0.565625 0.59375 0.0125 0.05078125
4 0.50078125 0.625 0.0125 0.05078125
4 0.72578125 0.740625 0.0140625 0.0640625
6 0.625 0.4046875 0.00859375 0.03515625
0 0.175 0.5421875 0.00546875 0.0109375