4 0.6375 0.5171875 0.00859375 0.0484375
6 0.91015625 0.93828125 0.02265625 0.075
4 0.525 0.434375 0.009375 0.0390625
4 0.640625 0.521875 0.0109375 0.05546875
0 0.98125 0.3703125 0.00859375 0.01328125
4 0.403125 0.45625 0.01015625 0.0453125
4 0.634375 0.4109375 0.01015625 0.046875
4 0.390625 0.44296875 0.01015625 0.04375
4 0.571875 0.81328125 0.0140625 0.07734375
4 0.5171875 0.4796875 0.01015625 0.0453125
6 0.4421875 0.565625 0.01171875 0.06171875
4 0.4375 0.51875 0.01171875 0.053125
4 0.46953125 0.49453125 0.0109375 0.0484375
4 0.81796875 0.6328125 0.015625 0.0671875
4 0.34921875 0.484375 0.01171875 0.05390625
4 0.7015625 0.4671875 0.0109375 0.053125
4 0.2375 0.634375 0.0125 0.06796875
4 0.3765625 0.56796875 0.01328125 0.0578125
4 0.58046875 0.609375 0.0125 0.065625
4 0.5703125 0.6671875 0.01640625 0.0671875
4 0.29375 0.55078125 0.0140625 0.059375
4 0.2359375 0.7984375 0.01953125 0.08125
4 0.434375 0.7109375 0.01484375 0.06796875
6 0.4046875 0.3765625 0.0109375 0.040625
0 0.6328125 0.43046875 0.00390625 0.00859375