3 0.003125 0.503125 0.00625 0.0375
4 0.4078125 0.3921875 0.009375 0.03359375
4 0.625 0.4625 0.0078125 0.04296875
4 0.5375 0.490625 0.0125 0.04375
4 0.5953125 0.5359375 0.01015625 0.04921875
4 0.3125 0.4546875 0.01015625 0.040625
4 0.540625 0.434375 0.009375 0.0375
4 0.66953125 0.484375 0.01328125 0.04453125
4 0.6359375 0.4421875 0.0078125 0.03828125
4 0.65 0.7796875 0.021875 0.0671875
4 0.52109375 0.4875 0.0078125 0.04375
6 0.5625 0.58984375 0.0140625 0.05546875
6 0.03125 0.8203125 0.0234375 0.07578125
4 0.3703125 0.55703125 0.01171875 0.0453125
4 0.153125 0.6203125 0.01484375 0.0578125
4 0.6484375 0.546875 0.01484375 0.05234375
4 0.378125 0.5859375 0.01171875 0.05078125
4 0.5421875 0.6453125 0.0140625 0.0609375
4 0.70625 0.5578125 0.0125 0.05078125
4 0.4515625 0.7703125 0.0140625 0.06796875
4 0.7125 0.6828125 0.01484375 0.0609375
4 0.48203125 0.6421875 0.0125 0.059375
4 0.509375 0.73671875 0.01484375 0.071875
6 0.61484375 0.36796875 0.00859375 0.0328125
0 0.37421875 0.56640625 0.00625 0.01015625