4 0.6015625 0.35 0.0125 0.05078125
4 0.6328125 0.3875 0.01796875 0.04296875
3 0.74453125 0.4359375 0.0140625 0.04921875
4 0.7359375 0.459375 0.0171875 0.06796875
4 0.546875 0.37578125 0.01171875 0.05703125
4 0.7625 0.478125 0.0140625 0.0609375
4 0.515625 0.4828125 0.01640625 0.06484375
4 0.67265625 0.484375 0.02578125 0.065625
4 0.73125 0.5171875 0.028125 0.07890625
4 0.359375 0.3859375 0.021875 0.0640625
4 0.6953125 0.4421875 0.02265625 0.0578125
6 0.2515625 0.3453125 0.015625 0.0625
4 0.5796875 0.446875 0.0171875 0.07265625
4 0.478125 0.36875 0.0265625 0.0640625
4 0.61953125 0.425 0.021875 0.06015625
4 0.58125 0.48984375 0.02890625 0.0609375
4 0.38046875 0.459375 0.01171875 0.07578125
4 0.2328125 0.3296875 0.015625 0.0625
4 0.4390625 0.5203125 0.01640625 0.08203125
4 0.72109375 0.5625 0.0234375 0.096875
4 0.084375 0.5515625 0.02421875 0.08359375
0 0.609375 0.375 0.00703125 0.01015625