3 0.8796875 0.3453125 0.0140625 0.0484375
4 0.515625 0.253125 0.009375 0.05390625
4 0.8375 0.334375 0.015625 0.0515625
4 0.578125 0.221875 0.0140625 0.0546875
4 0.521875 0.2234375 0.0125 0.0484375
4 0.52109375 0.265625 0.01328125 0.053125
4 0.88671875 0.3765625 0.0125 0.059375
4 0.5515625 0.234375 0.0140625 0.05078125
4 0.72265625 0.31015625 0.0109375 0.0484375
4 0.40625 0.3125 0.0109375 0.0625
4 0.3875 0.2296875 0.01015625 0.05078125
6 0.4609375 0.27578125 0.021875 0.059375
4 0.5921875 0.3296875 0.0109375 0.05234375
4 0.5453125 0.28125 0.0125 0.0609375
4 0.84296875 0.3796875 0.015625 0.065625
4 0.703125 0.303125 0.01328125 0.05859375
4 0.790625 0.39921875 0.0125 0.06328125
4 0.7421875 0.3234375 0.015625 0.0671875
4 0.2046875 0.3390625 0.01328125 0.071875
4 0.16875 0.3546875 0.021875 0.06953125
4 0.4640625 0.4703125 0.0171875 0.07734375
4 0.08515625 0.290625 0.01875 0.06640625