4 0.2109375 0.325 0.01484375 0.04296875
4 0.15 0.41875 0.01015625 0.059375
4 0.2203125 0.31171875 0.01171875 0.0453125
4 0.3328125 0.2375 0.0109375 0.03984375
4 0.4 0.2265625 0.01796875 0.046875
4 0.31484375 0.23125 0.0078125 0.03828125
3 0.0953125 0.3375 0.009375 0.059375
4 0.14453125 0.365625 0.01015625 0.053125
4 0.45625 0.24921875 0.01171875 0.04296875
4 0.3015625 0.28984375 0.00859375 0.053125
4 0.5984375 0.240625 0.0140625 0.0421875
4 0.1859375 0.31328125 0.01171875 0.0546875
6 0.4203125 0.2796875 0.0109375 0.05078125
4 0.23203125 0.37734375 0.0125 0.06015625
4 0.1125 0.384375 0.015625 0.06015625
4 0.3171875 0.32734375 0.0171875 0.05703125
4 0.4390625 0.453125 0.015625 0.06875
4 0.728125 0.3421875 0.0109375 0.06328125
4 0.75234375 0.34765625 0.01484375 0.0640625
4 0.509375 0.30625 0.01484375 0.0546875
4 0.8390625 0.30234375 0.0109375 0.05859375
0 0.4359375 0.2671875 0.0046875 0.009375
4 0.33515625 0.225 0.0109375 0.05