4 0.346875 0.33125 0.0078125 0.034375
3 0.1984375 0.34296875 0.01015625 0.0359375
4 0.34140625 0.3453125 0.0078125 0.03515625
6 0.4203125 0.27734375 0.00703125 0.02734375
4 0.44140625 0.3109375 0.00625 0.02890625
4 0.32734375 0.3265625 0.0078125 0.0375
4 0.684375 0.31953125 0.0078125 0.028125
4 0.5 0.3171875 0.00703125 0.034375
4 0.296875 0.346875 0.0125 0.0390625
4 0.3625 0.3546875 0.009375 0.0359375
4 0.3296875 0.38125 0.01328125 0.0421875
4 0.3875 0.32734375 0.00859375 0.03984375
4 0.49921875 0.3578125 0.00859375 0.04296875
4 0.56484375 0.32265625 0.0078125 0.0375
4 0.265625 0.371875 0.009375 0.04453125
4 0.8 0.346875 0.0078125 0.0390625
4 0.7671875 0.340625 0.0125 0.03515625
4 0.815625 0.4546875 0.0125 0.05859375
4 0.8 0.4375 0.0125 0.0578125
4 0.8671875 0.4125 0.0125 0.05234375
6 0.96484375 0.871875 0.02578125 0.1125
6 0.5 0.3421875 0.01796875 0.03984375
4 0.4640625 0.2890625 0.0109375 0.02734375
4 0.47578125 0.29609375 0.009375 0.03203125
0 0.4828125 0.2984375 0.0046875 0.00859375