4 0.3234375 0.41796875 0.0125 0.03984375
4 0.1171875 0.4796875 0.015625 0.0453125
4 0.37734375 0.421875 0.00625 0.04296875
4 0.134375 0.4875 0.01171875 0.0484375
4 0.4703125 0.478125 0.01328125 0.046875
4 0.425 0.5015625 0.0078125 0.04921875
4 0.5828125 0.375 0.0078125 0.0328125
4 0.765625 0.58046875 0.009375 0.05390625
6 0.48984375 0.4515625 0.0109375 0.04375
4 0.3125 0.59453125 0.01015625 0.059375
4 0.82578125 0.4515625 0.0109375 0.0421875
4 0.803125 0.434375 0.009375 0.0421875
4 0.5890625 0.42265625 0.0125 0.0421875
4 0.54140625 0.584375 0.0109375 0.0546875
4 0.396875 0.7015625 0.02109375 0.06484375
4 0.6359375 0.5296875 0.0125 0.053125
4 0.8875 0.70703125 0.01796875 0.06953125
4 0.4640625 0.63046875 0.0125 0.0609375
4 0.8921875 0.5421875 0.01484375 0.053125
4 0.87109375 0.8046875 0.01875 0.07890625
4 0.559375 0.7421875 0.025 0.0671875
6 0.9203125 0.35625 0.01171875 0.03984375