4 0.115625 0.98515625 0.0171875 0.028125
4 0.5125 0.3875 0.0109375 0.03515625
4 0.4265625 0.3703125 0.00859375 0.03515625
4 0.5875 0.4109375 0.0140625 0.0359375
4 0.2578125 0.79375 0.0140625 0.07890625
4 0.796875 0.55703125 0.021875 0.04921875
4 0.6234375 0.559375 0.0171875 0.05078125
4 0.659375 0.51953125 0.0140625 0.05234375
4 0.5375 0.42421875 0.009375 0.04296875
4 0.34375 0.596875 0.0125 0.06015625
4 0.33125 0.4375 0.01015625 0.0390625
4 0.228125 0.5421875 0.01328125 0.0546875
4 0.25625 0.72578125 0.01640625 0.07265625
6 0.4890625 0.5078125 0.0140625 0.05234375
4 0.63984375 0.703125 0.01875 0.06875
4 0.603125 0.6828125 0.0125 0.0640625
4 0.70546875 0.53828125 0.0125 0.05078125
4 0.7046875 0.4671875 0.01640625 0.0453125
4 0.684375 0.62421875 0.015625 0.05546875
4 0.621875 0.6171875 0.0140625 0.06015625
4 0.86015625 0.60234375 0.0203125 0.0546875
4 0.5234375 0.565625 0.0109375 0.06015625
0 0.86875 0.5328125 0.0046875 0.01015625
3 0.8453125 0.4296875 0.02109375 0.034375
6 0.18203125 0.3296875 0.00859375 0.0359375