4 0.1109375 0.4875 0.01015625 0.03984375
4 0.121875 0.4890625 0.0125 0.04453125
4 0.565625 0.38203125 0.00859375 0.034375
6 0.4875 0.459375 0.00859375 0.04453125
4 0.3125 0.4265625 0.00859375 0.04375
4 0.4328125 0.48828125 0.01015625 0.04921875
4 0.39765625 0.4171875 0.0078125 0.0390625
4 0.80625 0.45625 0.0109375 0.03984375
4 0.55625 0.428125 0.0109375 0.040625
4 0.3734375 0.5109375 0.0109375 0.05234375
4 0.70625 0.4046875 0.0125 0.0375
4 0.359375 0.5484375 0.01484375 0.05078125
4 0.51328125 0.625 0.0125 0.059375
4 0.821875 0.83125 0.0203125 0.08125
4 0.8671875 0.55625 0.01328125 0.05546875
4 0.3515625 0.65 0.01171875 0.06015625
4 0.4734375 0.6609375 0.0171875 0.06328125
4 0.5828125 0.540625 0.009375 0.053125
4 0.7453125 0.584375 0.0109375 0.0546875
4 0.43984375 0.671875 0.0109375 0.0578125
4 0.8515625 0.7296875 0.02109375 0.07421875
6 0.91875 0.353125 0.00859375 0.03515625