4 0.8890625 0.4875 0.01015625 0.03984375
4 0.878125 0.4890625 0.0125 0.04453125
4 0.434375 0.38203125 0.00859375 0.034375
6 0.5125 0.459375 0.00859375 0.04453125
4 0.6875 0.4265625 0.00859375 0.04375
4 0.5671875 0.48828125 0.01015625 0.04921875
4 0.60234375 0.4171875 0.0078125 0.0390625
4 0.19375 0.45625 0.0109375 0.03984375
4 0.44375 0.428125 0.0109375 0.040625
4 0.6265625 0.5109375 0.0109375 0.05234375
4 0.29375 0.4046875 0.0125 0.0375
4 0.640625 0.5484375 0.01484375 0.05078125
4 0.48671875 0.625 0.0125 0.059375
4 0.178125 0.83125 0.01953125 0.08125
4 0.1328125 0.55625 0.01328125 0.05546875
4 0.6484375 0.65 0.0109375 0.06015625
4 0.5265625 0.6609375 0.0171875 0.06328125
4 0.4171875 0.540625 0.009375 0.053125
4 0.2546875 0.584375 0.01171875 0.0546875
4 0.56015625 0.671875 0.0109375 0.0578125
4 0.1484375 0.7296875 0.02109375 0.07421875
6 0.08125 0.353125 0.00859375 0.03515625