4 0.484375 0.34375 0.01171875 0.04296875
4 0.5984375 0.328125 0.0125 0.0390625
6 0.2609375 0.321875 0.009375 0.040625
4 0.58515625 0.3546875 0.01015625 0.04140625
4 0.61875 0.3515625 0.0125 0.040625
4 0.53671875 0.334375 0.0109375 0.0375
4 0.346875 0.35 0.0109375 0.040625
4 0.5109375 0.3671875 0.0140625 0.03984375
6 0.6 0.39921875 0.0109375 0.05703125
4 0.74296875 0.36796875 0.01328125 0.05078125
4 0.696875 0.40546875 0.0140625 0.05
4 0.8015625 0.4375 0.01484375 0.059375
4 0.390625 0.384375 0.01171875 0.053125
4 0.71875 0.40625 0.0140625 0.053125
4 0.43125 0.753125 0.0203125 0.090625
4 0.8546875 0.521875 0.01796875 0.06796875
4 0.4828125 0.4609375 0.0140625 0.0578125
4 0.1703125 0.521875 0.01484375 0.0703125
4 0.825 0.5203125 0.028125 0.0734375
4 0.7765625 0.715625 0.01484375 0.0859375
4 0.23828125 0.4046875 0.0109375 0.05859375
4 0.640625 0.521875 0.0203125 0.06484375
0 0.5734375 0.3625 0.00546875 0.01015625