3 0.0390625 0.446875 0.0171875 0.0484375
4 0.5515625 0.41875 0.0125 0.03828125
4 0.7 0.44296875 0.0125 0.04765625
4 0.55625 0.453125 0.0109375 0.04453125
4 0.8234375 0.43671875 0.01484375 0.0421875
4 0.4203125 0.4140625 0.009375 0.0421875
4 0.42734375 0.45 0.009375 0.046875
4 0.5140625 0.5609375 0.0109375 0.0578125
4 0.31328125 0.46171875 0.015625 0.053125
4 0.8125 0.5015625 0.01875 0.05234375
4 0.8046875 0.478125 0.0125 0.05
4 0.590625 0.4828125 0.0171875 0.04453125
4 0.4015625 0.4859375 0.01015625 0.04921875
4 0.3703125 0.46953125 0.0109375 0.046875
4 0.5125 0.6078125 0.0203125 0.05703125
4 0.284375 0.4796875 0.0125 0.05078125
4 0.86953125 0.55625 0.0171875 0.06171875
4 0.21953125 0.578125 0.0125 0.059375
4 0.9359375 0.52734375 0.015625 0.05859375
6 0.3671875 0.52578125 0.01328125 0.0578125
4 0.17578125 0.66328125 0.0234375 0.071875
0 0.5796875 0.4546875 0.00625 0.01171875
4 0.309375 0.44375 0.01015625 0.04765625
6 0.4140625 0.3515625 0.01015625 0.03515625