4 0.71875 0.4671875 0.01640625 0.03828125
4 0.5609375 0.40625 0.009375 0.0328125
4 0.7390625 0.478125 0.0125 0.0390625
6 0.6 0.4859375 0.00859375 0.04296875
4 0.815625 0.4875 0.00859375 0.040625
4 0.5765625 0.4171875 0.01015625 0.0359375
4 0.59765625 0.50546875 0.01015625 0.04453125
4 0.909375 0.55 0.01171875 0.04765625
4 0.3625 0.4328125 0.00625 0.03984375
4 0.88125 0.528125 0.0125 0.04921875
4 0.396875 0.4296875 0.009375 0.03828125
4 0.1109375 0.6515625 0.0109375 0.06953125
4 0.771875 0.5625 0.0125 0.053125
4 0.09375 0.540625 0.0140625 0.053125
4 0.4125 0.5296875 0.01015625 0.053125
4 0.5609375 0.6 0.0140625 0.05859375
4 0.0890625 0.6609375 0.0125 0.06875
4 0.58828125 0.59765625 0.0171875 0.053125
4 0.428125 0.5390625 0.01171875 0.05078125
6 0.05625 0.8390625 0.01484375 0.0921875
4 0.7234375 0.45625 0.00859375 0.03984375
3 0.6609375 0.4171875 0.01640625 0.03359375
4 0.56796875 0.4171875 0.009375 0.0375
6 0.475 0.3375 0.00703125 0.02890625