4 0.425 0.38359375 0.0125 0.02578125
4 0.2796875 0.46875 0.009375 0.040625
4 0.20234375 0.48203125 0.01015625 0.0421875
4 0.4953125 0.42734375 0.0109375 0.034375
4 0.5578125 0.42265625 0.01015625 0.0359375
4 0.075 0.5671875 0.0125 0.05078125
4 0.6375 0.5 0.0140625 0.0453125
4 0.884375 0.51796875 0.01015625 0.04921875
4 0.19375 0.5078125 0.009375 0.0421875
6 0.4 0.4796875 0.01640625 0.04375
4 0.4421875 0.46875 0.009375 0.03984375
4 0.6671875 0.48828125 0.0109375 0.04375
4 0.83515625 0.58125 0.0140625 0.0609375
4 0.4296875 0.6140625 0.01875 0.05546875
4 0.2640625 0.553125 0.015625 0.05234375
4 0.859375 0.5828125 0.0140625 0.05703125
4 0.5203125 0.6015625 0.02109375 0.05859375
3 0.9046875 0.8328125 0.021875 0.08828125
6 0.47421875 0.3375 0.0078125 0.0265625
4 0.3671875 0.4171875 0.01171875 0.03671875
4 0.3578125 0.4140625 0.01328125 0.03203125
4 0.3171875 0.4234375 0.01328125 0.03671875
4 0.303125 0.4234375 0.01171875 0.03671875
3 0.2765625 0.4109375 0.00859375 0.0390625