4 0.18515625 0.2578125 0.01328125 0.04765625
0 0.81875 0.559375 0.0078125 0.0125
4 0.1515625 0.31640625 0.01640625 0.053125
4 0.53671875 0.7234375 0.03828125 0.1078125
4 0.28359375 0.33671875 0.01171875 0.06015625
4 0.5875 0.2578125 0.0109375 0.0484375
4 0.46171875 0.36875 0.0171875 0.05859375
4 0.44140625 0.3765625 0.0234375 0.0625
4 0.68203125 0.3515625 0.0203125 0.0640625
4 0.5 0.3046875 0.01484375 0.05234375
4 0.78515625 0.4125 0.01640625 0.0703125
6 0.2515625 0.434375 0.015625 0.078125
4 0.5171875 0.47734375 0.01796875 0.07890625
4 0.12109375 0.453125 0.015625 0.078125
4 0.275 0.4046875 0.021875 0.06875
4 0.159375 0.6625 0.0234375 0.1
4 0.421875 0.4828125 0.02109375 0.08203125
4 0.03125 0.60234375 0.0234375 0.096875
4 0.5765625 0.7453125 0.0359375 0.11015625
4 0.85859375 0.53203125 0.0171875 0.0859375
4 0.0734375 0.453125 0.028125 0.08359375
4 0.3828125 0.596875 0.0328125 0.0890625
6 0.1296875 0.22578125 0.01171875 0.046875