4 0.61875 0.2328125 0.00859375 0.0375
4 0.75703125 0.296875 0.0125 0.05234375
4 0.684375 0.265625 0.01015625 0.046875
4 0.5734375 0.228125 0.0109375 0.0375
4 0.7078125 0.2765625 0.0125 0.04375
4 0.76875 0.30625 0.0109375 0.046875
4 0.54609375 0.2671875 0.009375 0.046875
4 0.6921875 0.2921875 0.009375 0.04921875
6 0.5203125 0.259375 0.009375 0.04765625
4 0.640625 0.28828125 0.009375 0.04921875
4 0.75 0.3296875 0.01328125 0.053125
4 0.3546875 0.240625 0.009375 0.03828125
4 0.14375 0.31328125 0.009375 0.053125
4 0.790625 0.334375 0.0109375 0.05078125
4 0.40625 0.31796875 0.01015625 0.053125
4 0.7109375 0.37734375 0.01328125 0.05859375
4 0.1765625 0.3140625 0.0109375 0.05546875
4 0.496875 0.3234375 0.015625 0.053125
4 0.1609375 0.3859375 0.0171875 0.065625
3 0.825 0.29375 0.0125 0.04296875
4 0.621875 0.2265625 0.00859375 0.03828125
6 0.0296875 0.2453125 0.0125 0.05703125