4 0.35 0.284375 0.0140625 0.0359375
3 0.92578125 0.3125 0.01015625 0.04921875
4 0.3203125 0.26875 0.01171875 0.034375
4 0.70390625 0.2484375 0.0109375 0.0390625
4 0.2265625 0.3171875 0.0109375 0.046875
4 0.36015625 0.3203125 0.01328125 0.04921875
4 0.65078125 0.31796875 0.0125 0.0453125
4 0.2359375 0.3453125 0.0125 0.05078125
4 0.625 0.31875 0.0140625 0.0390625
4 0.615625 0.27734375 0.009375 0.04375
4 0.8125 0.31484375 0.009375 0.0484375
4 0.75390625 0.35 0.01328125 0.05078125
4 0.65859375 0.43046875 0.0125 0.0578125
4 0.19375 0.3921875 0.015625 0.05546875
4 0.5515625 0.37421875 0.0109375 0.05390625
4 0.5375 0.375 0.0125 0.0578125
6 0.4015625 0.3640625 0.01171875 0.05703125
4 0.234375 0.5296875 0.01875 0.07734375
4 0.896875 0.48984375 0.01640625 0.07578125
4 0.60625 0.68046875 0.0203125 0.0984375
4 0.1953125 0.4796875 0.0234375 0.06875
6 0.19296875 0.24609375 0.01171875 0.04296875
4 0.359375 0.246875 0.01171875 0.0375
0 0.66328125 0.34296875 0.00546875 0.01015625