4 0.3578125 0.34375 0.01171875 0.04140625
4 0.41875 0.26171875 0.00859375 0.03828125
4 0.6671875 0.3703125 0.0125 0.046875
4 0.178125 0.465625 0.0140625 0.03828125
4 0.359375 0.37265625 0.0109375 0.05703125
4 0.328125 0.2984375 0.0078125 0.04140625
4 0.534375 0.315625 0.0140625 0.03984375
4 0.178125 0.509375 0.01484375 0.07421875
4 0.471875 0.3421875 0.01015625 0.046875
4 0.725 0.2921875 0.009375 0.046875
4 0.4625 0.4453125 0.01328125 0.06484375
4 0.6609375 0.38671875 0.0125 0.0546875
4 0.8484375 0.3890625 0.0109375 0.06015625
4 0.246875 0.3953125 0.0171875 0.06015625
4 0.22265625 0.378125 0.01328125 0.059375
4 0.5265625 0.7203125 0.01875 0.096875
4 0.209375 0.4328125 0.01796875 0.06484375
4 0.58125 0.4578125 0.0125 0.07265625
6 0.375 0.45078125 0.01328125 0.06875
4 0.4921875 0.47734375 0.0171875 0.06796875
4 0.87421875 0.57421875 0.01953125 0.0875
6 0.29375 0.24765625 0.0109375 0.040625
0 0.671875 0.3875 0.0078125 0.01328125