6 0.7609375 0.2359375 0.009375 0.040625
4 0.4734375 0.3421875 0.0140625 0.05234375
4 0.3859375 0.284375 0.01171875 0.0375
4 0.375 0.2921875 0.015625 0.04453125
4 0.4 0.275 0.0140625 0.04140625
4 0.4734375 0.3703125 0.0125 0.0546875
4 0.3015625 0.2890625 0.01015625 0.0453125
6 0.5171875 0.309375 0.0140625 0.04921875
4 0.51875 0.265625 0.01015625 0.0421875
4 0.3640625 0.3359375 0.0109375 0.053125
4 0.75 0.2921875 0.009375 0.046875
4 0.48671875 0.409375 0.0125 0.0625
4 0.6640625 0.3859375 0.01875 0.0546875
4 0.4421875 0.415625 0.0140625 0.0625
4 0.83125 0.3515625 0.01171875 0.05703125
4 0.253125 0.34375 0.01171875 0.053125
4 0.66796875 0.47421875 0.01640625 0.07421875
4 0.303125 0.3875 0.0171875 0.06328125
4 0.196875 0.53125 0.01640625 0.07578125
4 0.3046875 0.55 0.0203125 0.08125
4 0.1890625 0.3953125 0.015625 0.0640625
4 0.4640625 0.51875 0.0203125 0.0703125
0 0.821875 0.3671875 0.00546875 0.0109375