4 0.68359375 0.9734375 0.02578125 0.05078125
4 0.8390625 0.2421875 0.0109375 0.04296875
4 0.890625 0.34375 0.0125 0.03359375
4 0.84375 0.27578125 0.01171875 0.04453125
4 0.715625 0.3046875 0.01015625 0.05078125
0 0.3375 0.5703125 0.0078125 0.0125
4 0.409375 0.240625 0.009375 0.0421875
4 0.5046875 0.3328125 0.0171875 0.053125
4 0.49375 0.28671875 0.01171875 0.05078125
3 0.0640625 0.31875 0.0140625 0.0546875
4 0.88828125 0.4328125 0.015625 0.0578125
4 0.4625 0.35703125 0.0140625 0.05859375
4 0.8828125 0.378125 0.0203125 0.05546875
4 0.5234375 0.415625 0.0140625 0.06640625
4 0.3328125 0.3171875 0.01015625 0.053125
4 0.546875 0.375 0.0125 0.0578125
4 0.740625 0.3453125 0.0140625 0.0546875
4 0.51640625 0.47734375 0.01484375 0.075
4 0.6109375 0.6171875 0.03046875 0.0890625
4 0.65390625 0.51015625 0.0234375 0.0703125
4 0.1125 0.53125 0.01875 0.0890625
6 0.71171875 0.38125 0.01484375 0.06484375
4 0.33125 0.39375 0.01328125 0.0703125
4 0.35625 0.690625 0.02109375 0.10078125
6 0.8953125 0.228125 0.0109375 0.046875