4 0.3625 0.19375 0.009375 0.059375
4 0.3546875 0.17734375 0.0109375 0.04765625
4 0.3671875 0.2 0.01015625 0.053125
4 0.39375 0.17734375 0.0140625 0.04921875
6 0.809375 0.165625 0.0125 0.05
4 0.5671875 0.178125 0.01328125 0.046875
4 0.5359375 0.2109375 0.0125 0.059375
4 0.440625 0.209375 0.01484375 0.06015625
4 0.50625 0.209375 0.01484375 0.0546875
4 0.71875 0.203125 0.0203125 0.05078125
4 0.2453125 0.2109375 0.01328125 0.059375
4 0.7046875 0.2640625 0.0109375 0.06640625
4 0.403125 0.2328125 0.0171875 0.0578125
4 0.2109375 0.25 0.0109375 0.06796875
4 0.740625 0.2015625 0.0125 0.0609375
4 0.1703125 0.3328125 0.0109375 0.078125
4 0.25 0.296875 0.0140625 0.06875
4 0.809375 0.26875 0.021875 0.06796875
4 0.5390625 0.27421875 0.021875 0.059375
6 0.446875 0.26015625 0.01484375 0.0703125
4 0.75234375 0.35703125 0.01875 0.084375