0 0.6734375 0.45078125 0.00625 0.0109375
4 0.3046875 0.240625 0.00859375 0.03984375
4 0.4046875 0.34375 0.0140625 0.0546875
4 0.52734375 0.3078125 0.0109375 0.0484375
4 0.2546875 0.309375 0.01015625 0.0484375
4 0.6734375 0.2703125 0.01484375 0.04765625
4 0.7140625 0.4765625 0.0296875 0.065625
4 0.2765625 0.40078125 0.0140625 0.0671875
4 0.6875 0.428125 0.01796875 0.0609375
4 0.4671875 0.41484375 0.015625 0.06328125
6 0.34453125 0.45078125 0.0140625 0.07265625
4 0.74140625 0.38046875 0.0171875 0.0609375
4 0.5046875 0.3609375 0.01875 0.05546875
4 0.95 0.4171875 0.01484375 0.06875
4 0.18203125 0.4046875 0.0140625 0.0703125
4 0.1265625 0.54921875 0.0234375 0.0890625
4 0.76640625 0.4875 0.0296875 0.0734375
4 0.52265625 0.540625 0.0171875 0.084375
4 0.325 0.66953125 0.034375 0.10390625
4 0.49609375 0.7671875 0.034375 0.11328125
4 0.184375 0.690625 0.03125 0.10078125
4 0.6078125 0.5546875 0.0265625 0.0859375
6 0.2703125 0.225 0.01015625 0.04375