0 0.640625 0.3859375 0.00625 0.01015625
4 0.44140625 0.25625 0.0078125 0.0390625
4 0.384375 0.2375 0.01171875 0.0375
4 0.48828125 0.2546875 0.009375 0.0453125
4 0.221875 0.26328125 0.009375 0.04296875
4 0.634375 0.265625 0.009375 0.04296875
4 0.471875 0.2609375 0.009375 0.04296875
6 0.3390625 0.3203125 0.01015625 0.04921875
3 0.95 0.3203125 0.0140625 0.05234375
4 0.615625 0.26328125 0.015625 0.046875
4 0.6078125 0.346875 0.0109375 0.05078125
4 0.36484375 0.3546875 0.015625 0.0546875
4 0.2890625 0.2828125 0.01171875 0.04921875
4 0.153125 0.32578125 0.01171875 0.05546875
4 0.16640625 0.32578125 0.01171875 0.053125
4 0.8828125 0.43828125 0.01640625 0.071875
4 0.440625 0.415625 0.0109375 0.05703125
4 0.6 0.4328125 0.02109375 0.06484375
4 0.65 0.359375 0.0109375 0.06015625
4 0.190625 0.5 0.015625 0.07734375
4 0.3296875 0.734375 0.0296875 0.103125
4 0.4203125 0.340625 0.01171875 0.05078125
4 0.32421875 0.51328125 0.0203125 0.07890625
6 0.1546875 0.240625 0.01171875 0.04375