6 0.215625 0.22109375 0.01015625 0.04140625
0 0.790625 0.3203125 0.00625 0.01171875
4 0.34375 0.24375 0.009375 0.0390625
4 0.1140625 0.453125 0.01796875 0.07265625
4 0.40546875 0.2796875 0.01328125 0.0421875
4 0.259375 0.278125 0.01171875 0.046875
4 0.10390625 0.475 0.0125 0.0640625
4 0.6296875 0.26015625 0.01015625 0.04453125
4 0.2765625 0.321875 0.01953125 0.05
4 0.153125 0.3078125 0.0140625 0.05234375
4 0.678125 0.25234375 0.0171875 0.03984375
4 0.5546875 0.315625 0.0125 0.04921875
4 0.52421875 0.409375 0.021875 0.065625
4 0.68125 0.31484375 0.01875 0.040625
4 0.1984375 0.3546875 0.01484375 0.0609375
4 0.50625 0.475 0.0234375 0.06796875
4 0.44375 0.396875 0.0203125 0.0625
4 0.1765625 0.4 0.0234375 0.06484375
6 0.31875 0.40625 0.01796875 0.06875
4 0.353125 0.725 0.02578125 0.10703125
4 0.9078125 0.3484375 0.01015625 0.05859375
4 0.8765625 0.559375 0.025 0.08984375