4 0.628125 0.278125 0.00703125 0.02734375
4 0.9046875 0.46328125 0.0109375 0.04765625
4 0.51875 0.30234375 0.009375 0.0328125
4 0.4 0.5 0.0125 0.04921875
3 0.2484375 0.3671875 0.0109375 0.04375
4 0.640625 0.3609375 0.0140625 0.0390625
4 0.875 0.3171875 0.0078125 0.02890625
4 0.309375 0.4984375 0.0203125 0.05
4 0.4671875 0.3546875 0.0109375 0.0375
4 0.275 0.5421875 0.01796875 0.05234375
4 0.409375 0.65546875 0.0234375 0.06328125
4 0.421875 0.37421875 0.0140625 0.040625
4 0.434375 0.5359375 0.01953125 0.05703125
4 0.6046875 0.359375 0.01328125 0.040625
4 0.2609375 0.65078125 0.015625 0.06484375
4 0.23828125 0.72578125 0.021875 0.06328125
4 0.78984375 0.6125 0.0125 0.05703125
4 0.35625 0.4828125 0.01953125 0.053125
4 0.728125 0.51875 0.0109375 0.05234375
6 0.4734375 0.4796875 0.015625 0.05
4 0.43125 0.6296875 0.02421875 0.05546875
4 0.309375 0.4828125 0.01015625 0.04609375
0 0.4078125 0.675 0.00703125 0.01484375
6 0.5546875 0.240625 0.00703125 0.02734375