4 0.6109375 0.2953125 0.01484375 0.04921875
4 0.65546875 0.2609375 0.0109375 0.04453125
3 0.9625 0.28046875 0.0140625 0.0484375
4 0.740625 0.2984375 0.01875 0.05
4 0.725 0.2703125 0.0109375 0.05
4 0.6484375 0.3046875 0.0140625 0.05078125
4 0.140625 0.375 0.015625 0.06328125
4 0.5078125 0.25 0.0234375 0.04375
4 0.75234375 0.3046875 0.01328125 0.053125
4 0.6125 0.378125 0.0140625 0.059375
4 0.7265625 0.4421875 0.021875 0.0703125
4 0.26875 0.2640625 0.015625 0.046875
4 0.15625 0.36875 0.0140625 0.06015625
4 0.4171875 0.321875 0.0171875 0.059375
4 0.6875 0.4078125 0.03046875 0.05546875
4 0.1921875 0.31328125 0.0140625 0.05703125
6 0.446875 0.296875 0.01484375 0.0546875
4 0.66875 0.43125 0.025 0.071875
4 0.47734375 0.4953125 0.01875 0.075
4 0.1484375 0.41484375 0.0203125 0.07265625
4 0.540625 0.38125 0.0171875 0.0609375
4 0.3328125 0.3140625 0.02109375 0.053125
0 0.65859375 0.2796875 0.00546875 0.009375