6 0.2046875 0.203125 0.0109375 0.0390625
4 0.35625 0.22421875 0.01015625 0.04296875
4 0.4296875 0.2796875 0.0109375 0.05
4 0.209375 0.2953125 0.0125 0.05703125
4 0.1671875 0.34296875 0.015625 0.06015625
4 0.5234375 0.26484375 0.0109375 0.05
4 0.434375 0.328125 0.0140625 0.05703125
4 0.46953125 0.328125 0.0109375 0.059375
4 0.2765625 0.365625 0.01328125 0.0625
4 0.26796875 0.3140625 0.01328125 0.05234375
4 0.1734375 0.3796875 0.01484375 0.06796875
4 0.1234375 0.434375 0.0140625 0.07421875
4 0.4734375 0.384375 0.0203125 0.0625
3 0.884375 0.31484375 0.0140625 0.05703125
4 0.6546875 0.26171875 0.0109375 0.053125
6 0.31875 0.3484375 0.0125 0.0625
4 0.45625 0.440625 0.015625 0.071875
4 0.1796875 0.46484375 0.01953125 0.07265625
4 0.1296875 0.553125 0.015625 0.08046875
4 0.8671875 0.459375 0.0171875 0.078125
4 0.48203125 0.734375 0.02265625 0.1078125
4 0.375 0.29375 0.0125 0.0546875
4 0.465625 0.2046875 0.01328125 0.04296875
0 0.86875 0.334375 0.00703125 0.0125