4 0.3484375 0.29765625 0.00625 0.02734375
4 0.503125 0.2953125 0.009375 0.0375
4 0.5671875 0.38671875 0.01015625 0.04921875
4 0.6234375 0.29765625 0.0078125 0.0328125
6 0.4484375 0.35703125 0.00625 0.04296875
4 0.54375 0.359375 0.0078125 0.0453125
4 0.390625 0.321875 0.009375 0.04296875
4 0.709375 0.3328125 0.009375 0.0453125
4 0.5578125 0.3296875 0.00625 0.04375
4 0.421875 0.38671875 0.009375 0.0453125
4 0.3125 0.3703125 0.0078125 0.0484375
4 0.27421875 0.36015625 0.0078125 0.05
4 0.2515625 0.409375 0.01015625 0.05703125
4 0.575 0.4015625 0.01484375 0.05078125
4 0.775 0.390625 0.01015625 0.053125
4 0.2671875 0.503125 0.0140625 0.0703125
4 0.7765625 0.50546875 0.0125 0.06328125
4 0.2953125 0.68515625 0.0296875 0.09296875
6 0.6828125 0.2796875 0.01015625 0.03359375
0 0.67109375 0.33671875 0.0046875 0.01015625
4 0.42109375 0.28046875 0.009375 0.03984375