4 0.27421875 0.72734375 0.11484375 0.37578125
4 0.140625 0.484375 0.05625 0.16171875
4 0.20390625 0.375 0.01328125 0.05078125
4 0.284375 0.384375 0.01640625 0.06640625
4 0.40078125 0.40234375 0.01953125 0.08984375
4 0.42734375 0.36796875 0.0125 0.04765625
4 0.50859375 0.4046875 0.0171875 0.071875
4 0.48046875 0.365625 0.015625 0.0375
4 0.5609375 0.3765625 0.01015625 0.05
4 0.68203125 0.396875 0.01875 0.071875
3 0.96796875 0.37265625 0.0125 0.04609375
4 0.58515625 0.3921875 0.01953125 0.0640625
6 0.3296875 0.38125 0.02109375 0.08984375
6 0.2734375 0.34140625 0.01015625 0.0296875