4 0.440625 0.378125 0.021875 0.0640625
4 0.39765625 0.353125 0.0140625 0.05546875
4 0.42421875 0.34375 0.0125 0.04453125
4 0.484375 0.3453125 0.0109375 0.04453125
4 0.53046875 0.340625 0.01015625 0.03359375
4 0.6171875 0.390625 0.01953125 0.075
4 0.62890625 0.34453125 0.00703125 0.0328125
4 0.6109375 0.3390625 0.01171875 0.025
4 0.80078125 0.3546875 0.0125 0.0453125
4 0.8671875 0.3609375 0.015625 0.04765625
4 0.9125 0.37421875 0.02109375 0.07109375
6 0.63984375 0.3421875 0.01484375 0.05390625
6 0.46484375 0.33125 0.015625 0.0328125
3 0.25 0.33671875 0.015625 0.04453125