4 0.57421875 0.39140625 0.02109375 0.07734375
4 0.42734375 0.375 0.0203125 0.06484375
4 0.40234375 0.35078125 0.01328125 0.05234375
4 0.44765625 0.34375 0.0109375 0.0375
4 0.49453125 0.35234375 0.01328125 0.04375
4 0.6390625 0.3515625 0.0109375 0.046875
4 0.5984375 0.35234375 0.01171875 0.03515625
4 0.5640625 0.3390625 0.009375 0.03203125
4 0.8640625 0.3578125 0.0140625 0.0484375
4 0.9390625 0.36328125 0.01796875 0.05234375
3 0.30234375 0.3390625 0.01484375 0.03515625
6 0.678125 0.346875 0.025 0.06171875
6 0.58203125 0.328125 0.0078125 0.02890625