3 0.30390625 0.3421875 0.015625 0.0390625
6 0.51015625 0.33125 0.0109375 0.03359375
6 0.67890625 0.35 0.02890625 0.0578125
4 0.4015625 0.35078125 0.0125 0.0515625
4 0.42890625 0.37890625 0.021875 0.078125
4 0.4484375 0.34375 0.0140625 0.0453125
4 0.4953125 0.35390625 0.00859375 0.0359375
4 0.5734375 0.39453125 0.02265625 0.084375
4 0.56484375 0.3390625 0.00625 0.040625
4 0.5984375 0.35703125 0.0140625 0.04765625
4 0.63984375 0.35234375 0.015625 0.05234375
4 0.86484375 0.359375 0.01328125 0.04609375
4 0.9421875 0.36484375 0.015625 0.0625
4 0.84921875 0.34609375 0.015625 0.0359375