0 0.4546875 0.6296875 0.009375 0.015625
6 0.6390625 0.1890625 0.009375 0.03984375
4 0.3359375 0.3015625 0.0171875 0.05234375
4 0.425 0.259375 0.0109375 0.0453125
4 0.64375 0.3625 0.01796875 0.04765625
4 0.3609375 0.39921875 0.0140625 0.06484375
4 0.66640625 0.28125 0.01328125 0.046875
4 0.4640625 0.6078125 0.02421875 0.08359375
4 0.359375 0.4578125 0.015625 0.071875
4 0.6953125 0.3578125 0.0140625 0.0625
4 0.5703125 0.7359375 0.025 0.08359375
4 0.5609375 0.3375 0.015625 0.059375
4 0.6046875 0.75546875 0.025 0.090625
4 0.5453125 0.615625 0.0203125 0.08828125
4 0.3171875 0.359375 0.01328125 0.0640625
4 0.71484375 0.365625 0.015625 0.0625
4 0.1078125 0.3921875 0.015625 0.06328125
6 0.62578125 0.471875 0.01640625 0.07265625
4 0.4921875 0.4265625 0.0171875 0.06875
4 0.5890625 0.496875 0.021875 0.06953125
4 0.1546875 0.671875 0.0234375 0.0953125
4 0.74375 0.440625 0.0265625 0.0734375
4 0.3671875 0.6515625 0.02109375 0.084375