6 0.7046875 0.275 0.009375 0.02890625
0 0.5296875 0.6703125 0.00625 0.0109375
4 0.565625 0.628125 0.028125 0.05546875
4 0.8375 0.6546875 0.02265625 0.071875
4 0.390625 0.3828125 0.009375 0.0484375
4 0.509375 0.3890625 0.0109375 0.0484375
4 0.70078125 0.61875 0.01328125 0.06875
4 0.6265625 0.6765625 0.015625 0.0609375
4 0.346875 0.37734375 0.0140625 0.04765625
4 0.7515625 0.4921875 0.0109375 0.05703125
6 0.6734375 0.47578125 0.01328125 0.0578125
4 0.6421875 0.6671875 0.021875 0.075
4 0.6828125 0.3765625 0.01484375 0.046875
6 0.03046875 0.740625 0.02265625 0.07890625
4 0.3578125 0.53828125 0.0171875 0.05703125
4 0.79296875 0.6078125 0.01875 0.0703125
4 0.68125 0.63125 0.0234375 0.065625
4 0.7125 0.659375 0.015625 0.06328125
4 0.4640625 0.48125 0.01328125 0.05390625
4 0.28125 0.4171875 0.01484375 0.053125
4 0.115625 0.6 0.01484375 0.07265625
4 0.6203125 0.5234375 0.0140625 0.06328125
4 0.4578125 0.625 0.0171875 0.06328125
4 0.55078125 0.29140625 0.01015625 0.04140625