4 0.6 0.2046875 0.01015625 0.04453125
6 0.3 0.190625 0.01171875 0.03828125
4 0.475 0.225 0.0125 0.03828125
6 0.4328125 0.4125 0.01171875 0.06328125
4 0.4046875 0.265625 0.01015625 0.046875
4 0.55625 0.2578125 0.01484375 0.046875
4 0.2828125 0.3 0.01171875 0.05546875
4 0.6375 0.275 0.0109375 0.04921875
4 0.3375 0.2625 0.0140625 0.05234375
4 0.6734375 0.26484375 0.01484375 0.05546875
4 0.240625 0.28515625 0.01484375 0.05234375
4 0.5453125 0.265625 0.0109375 0.04921875
4 0.2953125 0.3296875 0.0125 0.0546875
4 0.6671875 0.31875 0.01328125 0.05078125
4 0.41796875 0.3140625 0.0109375 0.05546875
4 0.2453125 0.35703125 0.015625 0.05703125
4 0.18125 0.525 0.0171875 0.0703125
4 0.828125 0.2875 0.015625 0.05390625
4 0.2515625 0.43515625 0.01328125 0.0671875
4 0.7296875 0.5046875 0.0171875 0.06875
4 0.184375 0.7140625 0.0234375 0.0921875
4 0.4359375 0.3921875 0.009375 0.04453125