6 0.33046875 0.3125 0.00625 0.02578125
4 0.4421875 0.35625 0.01171875 0.03359375
6 0.49375 0.39375 0.00859375 0.03359375
4 0.6296875 0.4328125 0.009375 0.0359375
3 0.9109375 0.421875 0.0125 0.0390625
4 0.6328125 0.5234375 0.009375 0.0421875
4 0.6515625 0.4375 0.01015625 0.0390625
4 0.634375 0.38671875 0.01015625 0.02890625
4 0.51328125 0.4125 0.009375 0.034375
4 0.665625 0.4046875 0.009375 0.03359375
4 0.6109375 0.415625 0.00859375 0.034375
4 0.5375 0.3875 0.00703125 0.0328125
4 0.4984375 0.459375 0.0125 0.0390625
4 0.68671875 0.625 0.01328125 0.053125
4 0.8453125 0.653125 0.0125 0.05
4 0.621875 0.4703125 0.00859375 0.03828125
4 0.4359375 0.6359375 0.01171875 0.053125
4 0.41484375 0.54296875 0.01328125 0.03984375
4 0.7125 0.4875 0.0125 0.04453125
3 0.153125 0.484375 0.0078125 0.040625
4 0.2546875 0.434375 0.009375 0.03515625
6 0.8328125 0.6765625 0.01484375 0.05546875
4 0.7796875 0.5921875 0.0109375 0.0390625
4 0.4375 0.5046875 0.0109375 0.0453125
4 0.63203125 0.3671875 0.009375 0.03515625
0 0.34375 0.6125 0.00703125 0.0125