6 0.3578125 0.24921875 0.00625 0.028125
4 0.5046875 0.2921875 0.009375 0.04140625
4 0.66875 0.33125 0.0109375 0.0375
6 0.55625 0.35703125 0.01015625 0.046875
4 0.6890625 0.334375 0.0109375 0.0453125
4 0.609375 0.4046875 0.009375 0.04921875
4 0.371875 0.684375 0.021875 0.06484375
4 0.725 0.38125 0.01015625 0.05078125
4 0.590625 0.396875 0.0140625 0.05
4 0.4546875 0.428125 0.0140625 0.05390625
4 0.7609375 0.428125 0.0125 0.05703125
4 0.7140625 0.38671875 0.0109375 0.05078125
6 0.9515625 0.73515625 0.021875 0.07734375
4 0.6421875 0.7015625 0.02109375 0.07890625
4 0.309375 0.37734375 0.01015625 0.05078125
4 0.4390625 0.528125 0.01171875 0.06484375
4 0.4046875 0.44765625 0.01328125 0.053125
4 0.628125 0.5546875 0.0171875 0.065625
4 0.0609375 0.48203125 0.0140625 0.05703125
4 0.6453125 0.428125 0.0125 0.05390625
4 0.85546875 0.63515625 0.015625 0.0671875
4 0.828125 0.5171875 0.015625 0.0609375
4 0.4875 0.6046875 0.0171875 0.06953125
4 0.7765625 0.66796875 0.02265625 0.071875
0 0.3640625 0.70625 0.00625 0.01171875