4 0.34375 0.2625 0.01015625 0.0375
6 0.68359375 0.25 0.01171875 0.04140625
4 0.2484375 0.4046875 0.0125 0.04140625
3 0.98203125 0.38203125 0.0109375 0.04765625
4 0.4390625 0.3296875 0.009375 0.0453125
4 0.31875 0.3046875 0.009375 0.03984375
4 0.6546875 0.3375 0.0171875 0.04296875
4 0.40625 0.3484375 0.00859375 0.05234375
4 0.2828125 0.3734375 0.0125 0.05078125
4 0.578125 0.28125 0.0140625 0.0359375
4 0.2921875 0.378125 0.0140625 0.05
4 0.2484375 0.440625 0.01328125 0.05
6 0.5390625 0.3734375 0.0140625 0.0484375
4 0.5234375 0.371875 0.0109375 0.04375
4 0.3984375 0.384375 0.0109375 0.0453125
4 0.259375 0.475 0.015625 0.06328125
4 0.490625 0.6671875 0.0140625 0.08046875
6 0.0703125 0.78203125 0.025 0.09375
4 0.403125 0.4671875 0.01171875 0.05546875
4 0.1671875 0.74453125 0.01875 0.0796875
4 0.1953125 0.609375 0.021875 0.06484375
4 0.753125 0.4328125 0.01796875 0.05703125
4 0.4359375 0.528125 0.01875 0.0640625
4 0.6421875 0.4203125 0.02109375 0.05390625
0 0.6453125 0.3515625 0.0046875 0.009375