6 0.6078125 0.24375 0.0109375 0.03203125
0 0.8796875 0.5046875 0.00625 0.01015625
4 0.49921875 0.38984375 0.01875 0.04453125
4 0.81171875 0.4203125 0.01875 0.0546875
4 0.140625 0.45546875 0.0140625 0.059375
4 0.834375 0.4703125 0.025 0.053125
4 0.6859375 0.4078125 0.01796875 0.04921875
4 0.16328125 0.6328125 0.015625 0.07421875
4 0.446875 0.31875 0.01640625 0.0359375
4 0.67109375 0.3484375 0.01796875 0.0390625
4 0.265625 0.4109375 0.0140625 0.0546875
4 0.45625 0.4421875 0.01953125 0.05390625
4 0.365625 0.3546875 0.01796875 0.046875
4 0.7984375 0.471875 0.02421875 0.0578125
4 0.51875 0.45 0.015625 0.05078125
6 0.6328125 0.4859375 0.02421875 0.05546875
4 0.3171875 0.4625 0.0125 0.05703125
4 0.4453125 0.515625 0.01875 0.0578125
4 0.3421875 0.60546875 0.02109375 0.06328125
4 0.290625 0.490625 0.01796875 0.06015625
4 0.80625 0.5515625 0.0171875 0.065625
4 0.825 0.56875 0.02109375 0.06484375
4 0.3359375 0.534375 0.021875 0.05703125