4 0.80625 0.5484375 0.0140625 0.040625
4 0.796875 0.546875 0.0171875 0.0390625
4 0.73359375 0.5015625 0.01484375 0.04296875
4 0.63125 0.44765625 0.0078125 0.034375
3 0.81015625 0.45703125 0.01640625 0.034375
4 0.6484375 0.428125 0.00859375 0.0375
6 0.5890625 0.48203125 0.015625 0.03828125
4 0.70859375 0.4734375 0.0109375 0.0359375
4 0.53046875 0.54375 0.0109375 0.0453125
4 0.55625 0.48671875 0.00859375 0.03984375
4 0.31015625 0.4484375 0.0078125 0.03984375
4 0.671875 0.5140625 0.0171875 0.04609375
4 0.1671875 0.54296875 0.01171875 0.04921875
4 0.565625 0.5546875 0.0140625 0.04921875
4 0.696875 0.565625 0.0171875 0.04921875
4 0.4328125 0.5890625 0.009375 0.05078125
4 0.09765625 0.6953125 0.0109375 0.0640625
4 0.1765625 0.575 0.0125 0.05078125
4 0.12890625 0.5515625 0.0109375 0.04921875
4 0.26328125 0.709375 0.015625 0.05703125
4 0.4046875 0.6 0.0140625 0.05078125
4 0.109375 0.7140625 0.021875 0.0671875
6 0.5296875 0.3390625 0.0078125 0.0234375