4 0.3515625 0.3078125 0.0078125 0.02734375
3 0.8546875 0.425 0.01484375 0.040625
4 0.63125 0.365625 0.00859375 0.0359375
4 0.29375 0.4421875 0.0078125 0.040625
4 0.253125 0.375 0.0078125 0.0375
4 0.2609375 0.43046875 0.01015625 0.040625
4 0.8890625 0.603125 0.02265625 0.053125
4 0.6703125 0.73984375 0.01328125 0.06484375
4 0.57421875 0.36953125 0.009375 0.03515625
6 0.3875 0.47265625 0.01015625 0.04765625
4 0.709375 0.484375 0.0125 0.04921875
4 0.81328125 0.6171875 0.01875 0.0484375
4 0.7578125 0.48515625 0.009375 0.046875
4 0.503125 0.409375 0.00859375 0.03984375
4 0.34375 0.4375 0.0140625 0.03984375
4 0.603125 0.51796875 0.021875 0.0453125
4 0.2484375 0.4640625 0.0140625 0.04765625
4 0.3390625 0.640625 0.0140625 0.0640625
4 0.271875 0.6484375 0.0171875 0.065625
4 0.390625 0.5796875 0.01484375 0.05859375
4 0.5828125 0.51875 0.015625 0.0484375
4 0.646875 0.7140625 0.0203125 0.065625
6 0.2015625 0.8578125 0.025 0.078125
6 0.56015625 0.27421875 0.00859375 0.02578125
0 0.903125 0.61875 0.00546875 0.01015625