4 0.3 0.51875 0.0078125 0.0390625
4 0.50625 0.434375 0.00703125 0.02890625
3 0.8125 0.50703125 0.01015625 0.04140625
4 0.3390625 0.4671875 0.00625 0.028125
4 0.4125 0.521875 0.00859375 0.0390625
4 0.71875 0.66953125 0.0125 0.05
4 0.2640625 0.578125 0.009375 0.0421875
4 0.5625 0.525 0.00859375 0.0359375
4 0.509375 0.61953125 0.009375 0.0484375
4 0.409375 0.5765625 0.009375 0.0421875
4 0.46171875 0.6765625 0.0125 0.04921875
4 0.240625 0.6765625 0.00859375 0.05234375
6 0.4359375 0.5859375 0.009375 0.0421875
4 0.32578125 0.5078125 0.0078125 0.0375
6 0.9234375 0.85 0.01953125 0.06328125
4 0.2875 0.58125 0.01015625 0.04609375
4 0.5234375 0.52421875 0.0140625 0.03359375
4 0.7578125 0.5953125 0.009375 0.04453125
4 0.5828125 0.72734375 0.01796875 0.0578125
4 0.3140625 0.615625 0.0109375 0.04765625
4 0.27890625 0.7640625 0.0171875 0.05703125
4 0.12578125 0.8140625 0.01875 0.059375
4 0.43125 0.8859375 0.01796875 0.06796875
0 0.7125 0.6828125 0.0046875 0.009375
6 0.34375 0.40625 0.0078125 0.02734375