4 0.4859375 0.284375 0.0125 0.053125
4 0.81953125 0.278125 0.01015625 0.04921875
4 0.60234375 0.18671875 0.01015625 0.03828125
4 0.34375 0.25 0.01015625 0.0484375
4 0.359375 0.4265625 0.0140625 0.05859375
4 0.4953125 0.2953125 0.02265625 0.0375
3 0.06875 0.30234375 0.015625 0.04921875
4 0.790625 0.2515625 0.01015625 0.04921875
4 0.2671875 0.315625 0.01171875 0.05078125
4 0.38671875 0.325 0.01328125 0.05234375
4 0.365625 0.37578125 0.0171875 0.05
4 0.5640625 0.4421875 0.0140625 0.0703125
4 0.83125 0.296875 0.0125 0.04921875
4 0.2453125 0.6203125 0.02890625 0.071875
6 0.490625 0.40078125 0.015625 0.05546875
4 0.58359375 0.359375 0.0125 0.0546875
6 0.8671875 0.871875 0.0359375 0.096875
4 0.4078125 0.525 0.02421875 0.065625
4 0.30859375 0.4453125 0.025 0.06328125
4 0.375 0.6078125 0.0375 0.07265625
4 0.8015625 0.471875 0.01796875 0.071875
4 0.7671875 0.49375 0.01875 0.0671875
6 0.45859375 0.1296875 0.01015625 0.034375
0 0.465625 0.3171875 0.00625 0.01171875
4 0.4875 0.2953125 0.01171875 0.04296875