4 0.5828125 0.4140625 0.00625 0.0421875
4 0.51875 0.34375 0.0078125 0.03359375
4 0.78125 0.3609375 0.01484375 0.0375
6 0.9328125 0.9796875 0.021875 0.03984375
4 0.55 0.3890625 0.009375 0.04765625
6 0.4078125 0.3078125 0.009375 0.0375
4 0.546875 0.3484375 0.0109375 0.0390625
4 0.3890625 0.340625 0.0109375 0.0375
4 0.48125 0.36484375 0.0109375 0.046875
4 0.79375 0.4140625 0.009375 0.05390625
4 0.4984375 0.3765625 0.0078125 0.046875
4 0.1890625 0.359375 0.01171875 0.04296875
4 0.75390625 0.34765625 0.009375 0.0421875
4 0.784375 0.41796875 0.0125 0.0546875
4 0.578125 0.4265625 0.0109375 0.0578125
3 0.1171875 0.3578125 0.01875 0.04453125
6 0.4890625 0.4078125 0.0125 0.05546875
4 0.81328125 0.48671875 0.0125 0.065625
4 0.35859375 0.4453125 0.0109375 0.059375
4 0.28046875 0.39375 0.01796875 0.053125
4 0.79453125 0.5921875 0.0203125 0.08203125
4 0.2578125 0.4859375 0.01484375 0.06875
4 0.7671875 0.5265625 0.0203125 0.07421875
4 0.6546875 0.7296875 0.02578125 0.096875
0 0.3390625 0.0734375 0.0046875 0.00859375