6 0.38359375 0.2390625 0.01328125 0.0609375
4 0.74375 0.3953125 0.01875 0.08359375
4 0.75546875 0.403125 0.02265625 0.078125
4 0.4625 0.27734375 0.01640625 0.0640625
4 0.515625 0.3671875 0.01484375 0.06796875
4 0.4921875 0.396875 0.0203125 0.0796875
4 0.4265625 0.34375 0.028125 0.07265625
4 0.38203125 0.309375 0.0171875 0.07578125
4 0.8265625 0.3203125 0.0234375 0.0703125
4 0.7953125 0.32578125 0.021875 0.0625
4 0.60625 0.290625 0.01484375 0.075
4 0.4375 0.4 0.02265625 0.08515625
4 0.2578125 0.359375 0.01953125 0.08046875
4 0.28125 0.36875 0.01796875 0.08984375
4 0.31484375 0.43125 0.0171875 0.08984375
4 0.296875 0.3234375 0.02109375 0.08046875
6 0.5046875 0.4359375 0.02109375 0.09921875
4 0.7390625 0.47265625 0.02265625 0.1125
4 0.134375 0.459375 0.01953125 0.10234375
4 0.89921875 0.475 0.02578125 0.10703125
4 0.221875 0.659375 0.025 0.1234375
4 0.7453125 0.6546875 0.0375 0.1234375
0 0.7484375 0.4375 0.00703125 0.0140625