4 0.7546875 0.31171875 0.0109375 0.0546875
6 0.40625 0.2625 0.009375 0.04453125
4 0.415625 0.31015625 0.009375 0.05
4 0.6984375 0.3140625 0.0125 0.053125
4 0.51796875 0.30078125 0.0140625 0.0484375
4 0.86875 0.4453125 0.0171875 0.07890625
4 0.190625 0.340625 0.01171875 0.05546875
4 0.3890625 0.31953125 0.01328125 0.059375
4 0.57265625 0.3140625 0.025 0.04765625
4 0.809375 0.36171875 0.0140625 0.0625
4 0.5234375 0.340625 0.0109375 0.06015625
4 0.240625 0.43046875 0.01640625 0.078125
4 0.4984375 0.33125 0.01875 0.04765625
4 0.76875 0.3640625 0.01328125 0.0671875
4 0.2984375 0.3578125 0.0125 0.06796875
6 0.48515625 0.390625 0.0125 0.06796875
4 0.5046875 0.3828125 0.0140625 0.06484375
4 0.6375 0.3796875 0.0140625 0.065625
4 0.71875 0.584375 0.01875 0.096875
4 0.44765625 0.6703125 0.0203125 0.10703125
4 0.3296875 0.4171875 0.01328125 0.0734375
4 0.746875 0.490625 0.0203125 0.090625
0 0.55703125 0.1828125 0.0046875 0.01015625