4 0.53125 0.353125 0.01484375 0.03671875
4 0.5421875 0.29296875 0.00859375 0.034375
4 0.4546875 0.28125 0.00703125 0.0296875
4 0.653125 0.309375 0.00703125 0.0375
4 0.63125 0.3734375 0.009375 0.03359375
4 0.725 0.3921875 0.0140625 0.0453125
4 0.4234375 0.315625 0.00859375 0.040625
4 0.40625 0.35625 0.01171875 0.0390625
4 0.52890625 0.428125 0.0109375 0.04609375
4 0.6609375 0.30703125 0.00859375 0.03984375
4 0.584375 0.33828125 0.009375 0.0359375
4 0.29765625 0.4171875 0.009375 0.04921875
6 0.4859375 0.3609375 0.009375 0.04296875
4 0.7421875 0.409375 0.0109375 0.05078125
4 0.740625 0.3375 0.0109375 0.0390625
4 0.3359375 0.3578125 0.01015625 0.04453125
4 0.4515625 0.3265625 0.01328125 0.0390625
4 0.3609375 0.34921875 0.0078125 0.040625
4 0.72890625 0.475 0.0109375 0.05703125
4 0.453125 0.396875 0.0125 0.04296875
4 0.5765625 0.5171875 0.015625 0.0578125
6 0.09375 0.79921875 0.02265625 0.08359375
0 0.515625 0.3546875 0.00703125 0.0140625
6 0.7109375 0.2421875 0.0109375 0.03828125