6 0.1453125 0.3046875 0.009375 0.03359375
4 0.5765625 0.4015625 0.0109375 0.0375
3 0.75 0.34765625 0.0125 0.0359375
4 0.5640625 0.4046875 0.0125 0.03515625
4 0.6125 0.36328125 0.01015625 0.0421875
4 0.59375 0.3609375 0.009375 0.0359375
6 0.6015625 0.3953125 0.009375 0.0421875
4 0.640625 0.4078125 0.01015625 0.03984375
4 0.1875 0.4234375 0.009375 0.046875
4 0.515625 0.41015625 0.0109375 0.0375
4 0.7296875 0.44375 0.01015625 0.04375
4 0.31875 0.36484375 0.0109375 0.0375
4 0.4578125 0.453125 0.01171875 0.04375
4 0.7515625 0.4921875 0.009375 0.046875
6 0.975 0.6328125 0.01796875 0.06484375
4 0.40625 0.3875 0.009375 0.040625
4 0.68125 0.4875 0.01015625 0.05
4 0.5625 0.4796875 0.0109375 0.046875
4 0.2140625 0.4296875 0.0109375 0.046875
4 0.290625 0.5296875 0.0140625 0.05703125
4 0.490625 0.52265625 0.01015625 0.05703125
4 0.31953125 0.53984375 0.0140625 0.05234375
4 0.57578125 0.36953125 0.01015625 0.04296875