4 0.5515625 0.1890625 0.009375 0.03203125
4 0.59921875 0.18984375 0.009375 0.040625
4 0.246875 0.2265625 0.01015625 0.0453125
4 0.83125 0.3609375 0.0265625 0.05234375
4 0.6171875 0.2046875 0.0140625 0.04296875
4 0.48359375 0.1984375 0.0078125 0.0421875
4 0.446875 0.196875 0.009375 0.0484375
4 0.39375 0.2375 0.00859375 0.04296875
4 0.5109375 0.2421875 0.01484375 0.03515625
4 0.26875 0.26875 0.0125 0.0484375
4 0.5390625 0.240625 0.01875 0.0453125
4 0.4609375 0.228125 0.01171875 0.04296875
4 0.79296875 0.315625 0.01328125 0.05703125
4 0.5734375 0.3171875 0.0109375 0.05234375
4 0.6375 0.409375 0.0171875 0.0640625
4 0.840625 0.3796875 0.0234375 0.06015625
4 0.35546875 0.3265625 0.01640625 0.05703125
4 0.19375 0.4390625 0.0203125 0.0671875
6 0.6078125 0.290625 0.01171875 0.053125
4 0.68828125 0.325 0.0140625 0.0546875
4 0.71875 0.690625 0.034375 0.09296875
0 0.4609375 0.2453125 0.00390625 0.0078125
6 0.246875 0.19140625 0.01015625 0.04375