4 0.428125 0.3296875 0.009375 0.0296875
4 0.67578125 0.37734375 0.01171875 0.04296875
4 0.82734375 0.490625 0.01640625 0.05078125
4 0.3375 0.340625 0.01015625 0.0359375
4 0.5140625 0.4 0.01953125 0.0359375
3 0.975 0.39921875 0.01171875 0.04296875
4 0.5875 0.3140625 0.00859375 0.03671875
4 0.40390625 0.421875 0.01015625 0.046875
4 0.7375 0.63828125 0.0109375 0.0546875
4 0.53828125 0.4296875 0.01015625 0.0390625
4 0.55625 0.5375 0.0109375 0.053125
4 0.79375 0.5015625 0.009375 0.05078125
4 0.6859375 0.3875 0.0125 0.0359375
4 0.2796875 0.4203125 0.00859375 0.04296875
6 0.515625 0.4453125 0.0109375 0.04921875
4 0.315625 0.64453125 0.01875 0.0671875
4 0.67890625 0.6125 0.01328125 0.0546875
4 0.3203125 0.4671875 0.0125 0.046875
4 0.48984375 0.496875 0.0171875 0.05078125
4 0.29375 0.571875 0.01796875 0.06015625
6 0.0984375 0.790625 0.0234375 0.07265625
6 0.68359375 0.2640625 0.00859375 0.02890625
0 0.5203125 0.38984375 0.00390625 0.00703125
4 0.54140625 0.4171875 0.009375 0.0359375
4 0.28125 0.40625 0.00859375 0.04140625
3 0.003125 0.403125 0.00625 0.0421875