4 0.5015625 0.30625 0.0140625 0.0453125
4 0.8015625 0.4296875 0.01484375 0.06015625
6 0.7484375 0.225 0.0125 0.04375
4 0.8015625 0.37734375 0.01484375 0.04921875
4 0.49140625 0.3265625 0.01328125 0.046875
0 0.378125 0.425 0.00625 0.0125
4 0.6484375 0.253125 0.0140625 0.0375
4 0.34921875 0.24921875 0.009375 0.046875
4 0.5453125 0.23671875 0.0140625 0.03984375
4 0.4703125 0.290625 0.0109375 0.05234375
4 0.3765625 0.25234375 0.01015625 0.0453125
6 0.546875 0.3390625 0.0140625 0.053125
4 0.7578125 0.296875 0.0140625 0.05234375
4 0.653125 0.3046875 0.0125 0.0546875
4 0.6375 0.3359375 0.0140625 0.046875
4 0.3375 0.2703125 0.0125 0.04921875
4 0.271875 0.31875 0.0140625 0.06015625
4 0.69140625 0.31796875 0.015625 0.0546875
4 0.403125 0.3328125 0.0140625 0.053125
4 0.5828125 0.34375 0.01796875 0.05546875
4 0.3 0.4390625 0.021875 0.06953125
4 0.7765625 0.525 0.01875 0.07265625
4 0.5609375 0.2984375 0.01484375 0.05234375