4 0.6828125 0.2953125 0.009375 0.03984375
4 0.6703125 0.31171875 0.01640625 0.0421875
6 0.6453125 0.321875 0.00703125 0.0484375
4 0.70625 0.31796875 0.0140625 0.04296875
4 0.7703125 0.3515625 0.01484375 0.05
4 0.6265625 0.3328125 0.0109375 0.04921875
4 0.58359375 0.290625 0.01328125 0.04375
4 0.7203125 0.34375 0.0125 0.04921875
4 0.34296875 0.353125 0.01015625 0.05234375
4 0.6625 0.3625 0.015625 0.05078125
4 0.4625 0.2953125 0.0078125 0.04140625
4 0.4921875 0.33984375 0.009375 0.0484375
4 0.78359375 0.36875 0.01640625 0.046875
4 0.6046875 0.4265625 0.01484375 0.06015625
4 0.240625 0.39375 0.0171875 0.059375
4 0.4265625 0.76875 0.025 0.103125
4 0.2546875 0.43828125 0.0140625 0.0625
4 0.290625 0.46484375 0.021875 0.06328125
4 0.3890625 0.77734375 0.0234375 0.10703125
4 0.6203125 0.5390625 0.0265625 0.0734375
4 0.765625 0.46953125 0.01796875 0.06328125
4 0.8265625 0.390625 0.0171875 0.05390625
6 0.2984375 0.259375 0.0109375 0.0375
4 0.6078125 0.253125 0.01015625 0.03984375
0 0.7171875 0.3625 0.0046875 0.0109375