6 0.7828125 0.2296875 0.009375 0.046875
4 0.6625 0.2828125 0.01796875 0.040625
4 0.6921875 0.28046875 0.01328125 0.04453125
4 0.5390625 0.2328125 0.0125 0.0421875
4 0.4 0.24375 0.009375 0.0453125
4 0.6375 0.23984375 0.015625 0.0390625
4 0.4546875 0.26875 0.0140625 0.0484375
4 0.3765625 0.24375 0.0140625 0.04296875
4 0.23046875 0.4015625 0.01875 0.0625
4 0.64453125 0.28046875 0.0125 0.0484375
4 0.328125 0.296875 0.009375 0.05703125
4 0.41875 0.259375 0.0109375 0.05
6 0.5796875 0.3203125 0.0140625 0.05703125
4 0.671875 0.31484375 0.01484375 0.05
4 0.4796875 0.28515625 0.0140625 0.05
4 0.8203125 0.37734375 0.02109375 0.05703125
4 0.54375 0.303125 0.01484375 0.05390625
4 0.5625 0.3140625 0.0140625 0.053125
4 0.725 0.428125 0.025 0.06875
4 0.7484375 0.44375 0.02265625 0.0671875
4 0.6796875 0.2765625 0.01640625 0.04140625
4 0.6703125 0.265625 0.01171875 0.04140625