4 0.4375 0.4296875 0.01015625 0.04296875
4 0.44140625 0.3234375 0.0125 0.040625
4 0.3609375 0.35625 0.01015625 0.0453125
4 0.46796875 0.29296875 0.01015625 0.03828125
3 0.128125 0.32578125 0.01171875 0.04453125
4 0.4625 0.4 0.015625 0.05703125
4 0.353125 0.4328125 0.01640625 0.05234375
4 0.3515625 0.38125 0.0125 0.05703125
6 0.525 0.3953125 0.01328125 0.046875
4 0.7390625 0.3265625 0.0125 0.0453125
4 0.5625 0.371875 0.0109375 0.05234375
4 0.434375 0.46875 0.0140625 0.0546875
4 0.5953125 0.3734375 0.01796875 0.04921875
4 0.3421875 0.44296875 0.0109375 0.06015625
4 0.31875 0.4 0.0171875 0.05546875
4 0.528125 0.4578125 0.015625 0.05546875
4 0.4375 0.525 0.01640625 0.0640625
4 0.5421875 0.50078125 0.01328125 0.05546875
6 0.1203125 0.61875 0.02109375 0.08046875
4 0.759375 0.396875 0.015625 0.053125
4 0.63359375 0.540625 0.0171875 0.0703125
4 0.67421875 0.5265625 0.0265625 0.065625
4 0.8265625 0.5109375 0.02265625 0.0671875
6 0.74375 0.2578125 0.009375 0.03046875
0 0.65 0.5578125 0.0078125 0.0140625