4 0.2625 0.303125 0.009375 0.0390625
4 0.55546875 0.30546875 0.01015625 0.0390625
6 0.89296875 0.61328125 0.02265625 0.0796875
4 0.52421875 0.284375 0.009375 0.0375
4 0.6234375 0.34375 0.01015625 0.0484375
4 0.396875 0.34765625 0.01015625 0.0421875
4 0.85234375 0.3296875 0.0125 0.04765625
6 0.4890625 0.384375 0.01015625 0.05
4 0.4296875 0.346875 0.0109375 0.046875
4 0.3125 0.4734375 0.01171875 0.065625
4 0.559375 0.3828125 0.01640625 0.053125
4 0.4796875 0.49921875 0.01328125 0.0671875
4 0.6171875 0.37578125 0.0125 0.053125
4 0.74453125 0.51953125 0.01640625 0.0703125
4 0.628125 0.5 0.02109375 0.05390625
4 0.4140625 0.54375 0.02578125 0.0671875
4 0.1796875 0.3828125 0.01171875 0.053125
4 0.7265625 0.52734375 0.01328125 0.075
4 0.59296875 0.509375 0.0125 0.06875
4 0.4390625 0.53203125 0.0125 0.065625
4 0.6875 0.4078125 0.01484375 0.05546875
4 0.5578125 0.5390625 0.0203125 0.0703125
4 0.15 0.5265625 0.02421875 0.07421875
0 0.6390625 0.2796875 0.0078125 0.0125
6 0.2140625 0.25859375 0.0078125 0.0328125