4 0.3203125 0.3375 0.01171875 0.03984375
4 0.578125 0.2953125 0.01015625 0.03828125
4 0.3484375 0.38984375 0.0140625 0.05234375
4 0.3453125 0.309375 0.0109375 0.0359375
4 0.30625 0.3671875 0.0171875 0.05234375
0 0.7390625 0.5796875 0.00703125 0.0125
4 0.184375 0.4125 0.015625 0.05859375
4 0.5203125 0.321875 0.0140625 0.04453125
4 0.46875 0.33828125 0.0078125 0.046875
6 0.4234375 0.38984375 0.009375 0.05234375
4 0.19375 0.440625 0.01171875 0.05703125
4 0.15625 0.4984375 0.021875 0.0578125
4 0.3390625 0.471875 0.01171875 0.059375
4 0.3890625 0.259375 0.0078125 0.03515625
4 0.68046875 0.346875 0.0109375 0.05
4 0.48125 0.47578125 0.01484375 0.06875
4 0.5328125 0.48828125 0.0171875 0.0625
3 0.0265625 0.3421875 0.01953125 0.04921875
4 0.83125 0.5203125 0.01875 0.06796875
4 0.46015625 0.553125 0.0140625 0.0796875
4 0.221875 0.465625 0.009375 0.06328125
4 0.5703125 0.62578125 0.01875 0.08359375
6 0.69609375 0.25390625 0.009375 0.03671875