0 0.8546875 0.5453125 0.00546875 0.01015625
4 0.884375 0.54921875 0.015625 0.03203125
4 0.8828125 0.58125 0.01640625 0.05390625
3 0.8640625 0.3875 0.01328125 0.04765625
6 0.98515625 0.6671875 0.0234375 0.0703125
4 0.8859375 0.6046875 0.0125 0.06015625
4 0.5828125 0.371875 0.0125 0.04140625
4 0.325 0.3765625 0.01015625 0.04296875
4 0.6546875 0.3921875 0.01015625 0.0484375
4 0.628125 0.4390625 0.0109375 0.04765625
4 0.446875 0.434375 0.01015625 0.04921875
4 0.7375 0.540625 0.009375 0.059375
4 0.80625 0.609375 0.01484375 0.0640625
6 0.5609375 0.4875 0.01484375 0.053125
4 0.54375 0.5453125 0.0109375 0.06015625
4 0.6796875 0.5859375 0.0140625 0.06796875
4 0.8359375 0.6046875 0.0140625 0.06171875
4 0.72890625 0.43984375 0.01640625 0.05
4 0.3921875 0.6421875 0.015625 0.07421875
4 0.6453125 0.68046875 0.015625 0.07578125
4 0.66484375 0.6 0.0140625 0.0640625
4 0.28125 0.6671875 0.02109375 0.07421875
4 0.46484375 0.57578125 0.0125 0.0609375
4 0.1703125 0.5265625 0.0171875 0.0609375
6 0.1859375 0.3 0.0078125 0.0375