4 0.7515625 0.49296875 0.0109375 0.04765625
4 0.6390625 0.34296875 0.015625 0.0375
4 0.525 0.3625 0.01796875 0.03515625
6 0.540625 0.478125 0.02109375 0.05390625
4 0.43515625 0.41015625 0.015625 0.04453125
4 0.8375 0.41015625 0.01640625 0.0484375
4 0.7640625 0.5203125 0.021875 0.0578125
4 0.49296875 0.409375 0.01875 0.04140625
4 0.8703125 0.4671875 0.01875 0.0453125
4 0.60234375 0.46328125 0.0125 0.04921875
4 0.4359375 0.4734375 0.01875 0.04921875
4 0.7796875 0.46796875 0.01640625 0.05859375
4 0.38359375 0.584375 0.01640625 0.06328125
4 0.5703125 0.584375 0.0171875 0.0671875
4 0.6734375 0.7171875 0.0171875 0.07734375
4 0.33125 0.62265625 0.021875 0.06953125
4 0.21015625 0.440625 0.0140625 0.05390625
4 0.8328125 0.678125 0.0203125 0.071875
4 0.3078125 0.48984375 0.0234375 0.05546875
4 0.171875 0.5453125 0.01953125 0.0625
4 0.23359375 0.7296875 0.02578125 0.07421875
0 0.49453125 0.37578125 0.0046875 0.009375
6 0.296875 0.33671875 0.0140625 0.03984375