0 0.1890625 0.59453125 0.00625 0.0109375
6 0.009375 0.709375 0.01796875 0.06875
4 0.2203125 0.5671875 0.025 0.0265625
3 0.16875 0.4296875 0.01875 0.0421875
4 0.34140625 0.48671875 0.0140625 0.0453125
4 0.1640625 0.5828125 0.0171875 0.0421875
4 0.196875 0.525 0.015625 0.05234375
4 0.25625 0.553125 0.01328125 0.046875
4 0.4734375 0.46796875 0.01015625 0.04765625
6 0.4046875 0.5046875 0.0078125 0.05
4 0.3375 0.4203125 0.01328125 0.04375
4 0.1484375 0.575 0.0140625 0.053125
4 0.6671875 0.421875 0.0125 0.04296875
4 0.2828125 0.46875 0.0125 0.0484375
4 0.3015625 0.54765625 0.0125 0.04921875
4 0.4421875 0.53828125 0.009375 0.05703125
4 0.3984375 0.4125 0.0140625 0.040625
4 0.365625 0.60234375 0.0109375 0.06171875
4 0.41953125 0.6546875 0.01328125 0.0671875
4 0.221875 0.6125 0.01328125 0.06015625
4 0.51328125 0.5609375 0.0109375 0.0609375
4 0.64375 0.6421875 0.015625 0.06875
4 0.67421875 0.6328125 0.01875 0.0609375
4 0.84375 0.5421875 0.01171875 0.05546875
6 0.8546875 0.3453125 0.009375 0.03671875