4 0.6875 0.42265625 0.0109375 0.02890625
4 0.4765625 0.4421875 0.01015625 0.0375
6 0.5375 0.5125 0.0109375 0.0421875
4 0.671875 0.4828125 0.009375 0.03515625
4 0.4078125 0.44375 0.0078125 0.034375
4 0.83125 0.52578125 0.01640625 0.04609375
4 0.615625 0.45078125 0.009375 0.03515625
4 0.7640625 0.4953125 0.0109375 0.040625
4 0.35625 0.484375 0.0109375 0.040625
4 0.5640625 0.4765625 0.00703125 0.0375
4 0.153125 0.546875 0.01015625 0.0484375
4 0.39765625 0.5234375 0.0109375 0.03984375
4 0.2515625 0.48828125 0.0109375 0.03984375
4 0.315625 0.546875 0.009375 0.05
4 0.7140625 0.5046875 0.0109375 0.0390625
4 0.290625 0.625 0.009375 0.05234375
4 0.7265625 0.5765625 0.00859375 0.04609375
3 0.965625 0.5125 0.0109375 0.04765625
4 0.84375 0.56875 0.0140625 0.05
4 0.434375 0.59375 0.0125 0.05078125
4 0.49921875 0.625 0.0125 0.05078125
4 0.27421875 0.740625 0.0140625 0.0640625
6 0.375 0.4046875 0.00859375 0.03515625
0 0.825 0.5421875 0.00546875 0.0109375