4 0.4421875 0.28828125 0.009375 0.034375
4 0.646875 0.2703125 0.01171875 0.0328125
4 0.28515625 0.296875 0.01015625 0.03828125
4 0.2484375 0.28125 0.009375 0.0375
4 0.2109375 0.3046875 0.0109375 0.04296875
4 0.3421875 0.328125 0.01015625 0.04453125
4 0.8 0.3734375 0.009375 0.0453125
4 0.1265625 0.4171875 0.0109375 0.05546875
4 0.83125 0.33984375 0.009375 0.04453125
4 0.2390625 0.3671875 0.01171875 0.04375
4 0.309375 0.44375 0.01015625 0.05546875
4 0.18125 0.3359375 0.0125 0.0453125
4 0.6625 0.4 0.01484375 0.04453125
4 0.3296875 0.38203125 0.0140625 0.05078125
6 0.48125 0.37578125 0.009375 0.0484375
3 0.9046875 0.39375 0.015625 0.0484375
4 0.1078125 0.5578125 0.01875 0.06171875
4 0.1453125 0.61875 0.015625 0.07421875
4 0.184375 0.478125 0.01484375 0.0609375
4 0.4609375 0.5703125 0.0203125 0.06484375
4 0.528125 0.7453125 0.02578125 0.07578125
0 0.6484375 0.4203125 0.00703125 0.01171875
6 0.6859375 0.2296875 0.00859375 0.03203125
4 0.38984375 0.2359375 0.01171875 0.03203125