4 0.6796875 0.21796875 0.01328125 0.053125
0 0.19375 0.31875 0.00625 0.01015625
6 0.5875 0.07734375 0.009375 0.0453125
4 0.603125 0.371875 0.015625 0.07265625
4 0.465625 0.0890625 0.0109375 0.0453125
4 0.8453125 0.625 0.02734375 0.0921875
4 0.6796875 0.234375 0.0109375 0.0640625
4 0.521875 0.2421875 0.01015625 0.0625
6 0.60625 0.3875 0.0140625 0.07265625
4 0.43046875 0.175 0.01015625 0.05390625
4 0.18125 0.2875 0.01953125 0.06484375
4 0.5640625 0.303125 0.0171875 0.05703125
4 0.8421875 0.5828125 0.02734375 0.08359375
4 0.728125 0.32578125 0.01484375 0.06640625
4 0.459375 0.290625 0.0125 0.06640625
4 0.3453125 0.303125 0.0140625 0.06875
4 0.759375 0.39453125 0.01484375 0.07421875
4 0.6109375 0.4625 0.0203125 0.07578125
4 0.771875 0.4125 0.021875 0.07734375
4 0.1640625 0.51015625 0.0234375 0.0890625
4 0.35546875 0.5234375 0.0234375 0.08359375
4 0.6140625 0.5578125 0.02265625 0.08515625
4 0.6765625 0.9 0.0296875 0.1125