4 0.3953125 0.40078125 0.00859375 0.04296875
4 0.375 0.4328125 0.01015625 0.040625
4 0.40390625 0.40703125 0.0140625 0.04140625
4 0.4765625 0.33984375 0.0109375 0.03359375
4 0.6546875 0.41015625 0.009375 0.040625
4 0.4453125 0.540625 0.0140625 0.05078125
4 0.665625 0.41875 0.009375 0.0390625
4 0.57890625 0.38828125 0.01015625 0.0375
4 0.4859375 0.421875 0.01015625 0.0390625
4 0.3859375 0.4375 0.01015625 0.04765625
4 0.63828125 0.503125 0.01015625 0.05234375
6 0.45859375 0.46875 0.009375 0.046875
4 0.721875 0.36328125 0.009375 0.03828125
4 0.55703125 0.390625 0.01015625 0.0375
4 0.34375 0.484375 0.01171875 0.05
3 0.0859375 0.4203125 0.01484375 0.04765625
4 0.41875 0.4984375 0.01796875 0.0484375
6 0.98828125 0.90859375 0.0234375 0.0828125
4 0.2953125 0.6578125 0.01328125 0.059375
4 0.64375 0.703125 0.01484375 0.06875
4 0.8421875 0.5078125 0.01171875 0.05
4 0.253125 0.8203125 0.0171875 0.07890625
6 0.43828125 0.28203125 0.0078125 0.028125
4 0.59375 0.3109375 0.00859375 0.03515625