4 0.6765625 0.41796875 0.0125 0.03984375
4 0.8828125 0.4796875 0.015625 0.0453125
4 0.62265625 0.421875 0.00703125 0.04296875
4 0.865625 0.4875 0.01171875 0.0484375
4 0.5296875 0.478125 0.01328125 0.046875
4 0.575 0.5015625 0.0078125 0.04921875
4 0.4171875 0.375 0.0078125 0.0328125
4 0.234375 0.58046875 0.009375 0.05390625
6 0.51015625 0.4515625 0.0109375 0.04375
4 0.6875 0.59453125 0.01015625 0.059375
4 0.17421875 0.4515625 0.0109375 0.0421875
4 0.196875 0.434375 0.009375 0.0421875
4 0.4109375 0.42265625 0.0125 0.0421875
4 0.45859375 0.584375 0.0109375 0.0546875
4 0.603125 0.7015625 0.02109375 0.06484375
4 0.3640625 0.5296875 0.0125 0.053125
4 0.1125 0.70703125 0.01796875 0.06953125
4 0.5359375 0.63046875 0.0125 0.0609375
4 0.1078125 0.5421875 0.01484375 0.053125
4 0.12890625 0.8046875 0.01875 0.07890625
4 0.440625 0.7421875 0.025 0.0671875
6 0.0796875 0.35625 0.01171875 0.03984375