4 0.19375 0.30234375 0.009375 0.02734375
4 0.28125 0.29921875 0.0078125 0.0296875
4 0.59765625 0.40703125 0.01015625 0.04765625
3 0.9796875 0.4296875 0.009375 0.04921875
4 0.115625 0.42421875 0.0140625 0.04453125
4 0.43828125 0.32421875 0.00703125 0.03515625
4 0.40078125 0.375 0.0078125 0.03984375
4 0.59375 0.50078125 0.0109375 0.05546875
4 0.4953125 0.459375 0.0078125 0.04765625
4 0.3203125 0.359375 0.01171875 0.0375
4 0.3703125 0.371875 0.009375 0.0390625
4 0.59140625 0.3671875 0.0078125 0.0421875
6 0.38828125 0.4234375 0.01171875 0.0453125
4 0.4734375 0.478125 0.01015625 0.05078125
4 0.178125 0.5109375 0.01484375 0.05234375
4 0.590625 0.5734375 0.015625 0.05703125
4 0.19765625 0.4203125 0.01328125 0.04453125
4 0.44375 0.70625 0.0140625 0.065625
4 0.409375 0.7078125 0.0171875 0.06953125
4 0.1765625 0.6453125 0.021875 0.06328125
4 0.11953125 0.4140625 0.0125 0.0453125
0 0.203125 0.3125 0.003125 0.00625
6 0.6 0.2859375 0.00859375 0.03046875