4 0.6046875 0.40078125 0.00859375 0.04296875
4 0.625 0.4328125 0.01015625 0.040625
4 0.59609375 0.40703125 0.0140625 0.04140625
4 0.5234375 0.33984375 0.0109375 0.03359375
4 0.3453125 0.41015625 0.009375 0.040625
4 0.5546875 0.540625 0.0140625 0.05078125
4 0.334375 0.41875 0.009375 0.0390625
4 0.42109375 0.38828125 0.01015625 0.0375
4 0.5140625 0.421875 0.01015625 0.0390625
4 0.6140625 0.4375 0.01015625 0.04765625
4 0.36171875 0.503125 0.01015625 0.05234375
6 0.54140625 0.46875 0.009375 0.046875
4 0.278125 0.36328125 0.009375 0.03828125
4 0.44296875 0.390625 0.01015625 0.0375
4 0.65625 0.484375 0.0125 0.05
3 0.9140625 0.4203125 0.01484375 0.04765625
4 0.58125 0.4984375 0.01796875 0.0484375
6 0.0109375 0.90859375 0.021875 0.0828125
4 0.7046875 0.6578125 0.01328125 0.059375
4 0.35625 0.703125 0.0140625 0.06875
4 0.1578125 0.5078125 0.01171875 0.05
4 0.746875 0.8203125 0.0171875 0.07890625
6 0.56171875 0.28203125 0.0078125 0.028125
4 0.40625 0.3109375 0.00859375 0.03515625