4 0.55625 0.3515625 0.0109375 0.03125
4 0.38125 0.3765625 0.009375 0.040625
4 0.6296875 0.3828125 0.01015625 0.0375
4 0.3953125 0.3921875 0.00859375 0.04375
4 0.39375 0.43046875 0.0078125 0.04453125
4 0.43046875 0.44375 0.01796875 0.05078125
4 0.4234375 0.48515625 0.015625 0.05390625
4 0.30625 0.5 0.01328125 0.053125
4 0.646875 0.41796875 0.0125 0.04375
4 0.378125 0.46171875 0.01953125 0.053125
6 0.45625 0.46796875 0.01171875 0.05234375
3 0.846875 0.43125 0.01171875 0.04609375
3 0.0640625 0.4265625 0.01484375 0.053125
4 0.575 0.5203125 0.0109375 0.05546875
6 0.80625 0.828125 0.028125 0.09765625
4 0.7671875 0.5796875 0.0140625 0.06484375
0 0.8421875 0.44609375 0.00546875 0.01015625
4 0.628125 0.3640625 0.00859375 0.0359375
4 0.36171875 0.4203125 0.01171875 0.04609375
4 0.340625 0.4140625 0.01015625 0.0375
4 0.35390625 0.415625 0.01015625 0.0453125
4 0.3484375 0.4 0.00859375 0.04140625
4 0.3390625 0.45625 0.01328125 0.04609375
4 0.3328125 0.44765625 0.01015625 0.04140625
4 0.3296875 0.4296875 0.009375 0.0390625
6 0.40234375 0.33203125 0.00703125 0.02890625