4 0.42109375 0.41875 0.00703125 0.034375
4 0.6421875 0.4421875 0.0109375 0.0375
4 0.6625 0.4390625 0.0125 0.0359375
4 0.384375 0.421875 0.00625 0.0359375
4 0.35 0.475 0.01015625 0.0390625
4 0.471875 0.4671875 0.0109375 0.04375
4 0.15 0.56171875 0.01796875 0.04375
6 0.41953125 0.496875 0.009375 0.04453125
4 0.6359375 0.5515625 0.0125 0.05234375
4 0.8484375 0.55703125 0.0109375 0.05703125
4 0.4171875 0.553125 0.01171875 0.05
4 0.621875 0.5578125 0.01484375 0.05
4 0.8640625 0.62734375 0.01328125 0.06015625
4 0.8515625 0.6171875 0.0140625 0.06484375
6 0.8875 0.81484375 0.0140625 0.08515625
4 0.2890625 0.5328125 0.009375 0.0484375
4 0.43984375 0.63046875 0.0140625 0.06328125
4 0.396875 0.6171875 0.0171875 0.05390625
4 0.21640625 0.6078125 0.0203125 0.05703125
6 0.5171875 0.346875 0.00625 0.0234375
4 0.071875 0.5453125 0.0109375 0.0484375
4 0.0625 0.553125 0.01484375 0.034375
0 0.053125 0.5703125 0.0046875 0.00703125
3 0.325 0.4125 0.01171875 0.04140625