4 0.5484375 0.409375 0.00625 0.028125
4 0.278125 0.4453125 0.00859375 0.03046875
4 0.5390625 0.41953125 0.00703125 0.02578125
4 0.65625 0.4375 0.0109375 0.03515625
4 0.1875 0.496875 0.01171875 0.03515625
4 0.50390625 0.48203125 0.0078125 0.034375
4 0.61875 0.515625 0.01015625 0.03984375
4 0.21171875 0.49375 0.009375 0.0359375
4 0.3265625 0.5046875 0.0078125 0.0375
4 0.11875 0.63125 0.01953125 0.0484375
4 0.596875 0.7046875 0.015625 0.06015625
6 0.35078125 0.5375 0.01796875 0.04453125
4 0.6046875 0.53125 0.009375 0.0421875
4 0.3578125 0.56796875 0.01953125 0.04375
4 0.071875 0.5703125 0.0203125 0.0453125
4 0.30546875 0.503125 0.0140625 0.04140625
3 0.8671875 0.46171875 0.01171875 0.034375
4 0.81953125 0.5703125 0.0109375 0.05078125
4 0.87734375 0.5953125 0.0171875 0.04921875
6 0.91640625 0.69296875 0.0171875 0.06015625
4 0.7390625 0.6703125 0.015625 0.05703125
4 0.1515625 0.68515625 0.0265625 0.05390625
4 0.39453125 0.428125 0.01015625 0.03203125
0 0.0765625 0.56796875 0.00625 0.0109375