4 0.2703125 0.4109375 0.01171875 0.0375
6 0.33046875 0.4078125 0.0109375 0.0328125
4 0.7671875 0.45 0.0140625 0.034375
4 0.1546875 0.4859375 0.01171875 0.04296875
4 0.7015625 0.4125 0.0171875 0.0375
4 0.1609375 0.5109375 0.01171875 0.04296875
4 0.3203125 0.42421875 0.0109375 0.0375
4 0.4296875 0.415625 0.009375 0.0359375
4 0.228125 0.440625 0.009375 0.04375
4 0.3796875 0.4609375 0.01171875 0.040625
4 0.51953125 0.45625 0.0078125 0.03828125
4 0.5484375 0.43984375 0.01328125 0.04296875
4 0.2828125 0.4828125 0.01328125 0.0453125
4 0.6984375 0.4625 0.01640625 0.04296875
4 0.3640625 0.56328125 0.01640625 0.053125
4 0.8125 0.4921875 0.01484375 0.05078125
4 0.7890625 0.528125 0.01796875 0.05546875
3 0.075 0.4234375 0.01171875 0.0359375
4 0.76796875 0.4140625 0.0109375 0.0390625
6 0.7546875 0.3625 0.009375 0.0296875
4 0.6859375 0.403125 0.01328125 0.03828125
4 0.228125 0.41875 0.009375 0.03515625
0 0.26875 0.425 0.0046875 0.00859375
4 0.675 0.40078125 0.0125 0.0375