4 0.55 0.3515625 0.01015625 0.03828125
4 0.22578125 0.3921875 0.0078125 0.05078125
4 0.3375 0.365625 0.009375 0.040625
4 0.58515625 0.340625 0.01328125 0.04296875
4 0.559375 0.39453125 0.01015625 0.04453125
4 0.73515625 0.353125 0.01015625 0.04453125
4 0.2890625 0.4125 0.01015625 0.04921875
4 0.29296875 0.4546875 0.01328125 0.04921875
4 0.5390625 0.4015625 0.01015625 0.04921875
3 0.85625 0.371875 0.01328125 0.046875
4 0.3546875 0.403125 0.01328125 0.05078125
4 0.1375 0.4421875 0.015625 0.05703125
4 0.4796875 0.384375 0.009375 0.046875
6 0.4484375 0.43046875 0.009375 0.05546875
4 0.8203125 0.4734375 0.009375 0.0609375
4 0.1046875 0.5015625 0.0140625 0.0671875
4 0.1640625 0.5484375 0.0171875 0.06328125
4 0.6359375 0.446875 0.0140625 0.059375
4 0.14375 0.51484375 0.01640625 0.06875
4 0.3234375 0.50546875 0.0109375 0.0609375
4 0.48046875 0.525 0.01875 0.06015625
4 0.6359375 0.5578125 0.01328125 0.06796875
0 0.73203125 0.3734375 0.00546875 0.01015625
6 0.1359375 0.35 0.01015625 0.0453125