6 0.365625 0.28828125 0.00859375 0.04375
4 0.68125 0.3296875 0.00859375 0.04140625
4 0.7625 0.346875 0.009375 0.05078125
4 0.61171875 0.371875 0.01328125 0.0546875
4 0.5828125 0.365625 0.01484375 0.0484375
4 0.75625 0.453125 0.015625 0.06328125
4 0.453125 0.3140625 0.01640625 0.040625
4 0.42109375 0.409375 0.0109375 0.05234375
4 0.66328125 0.3953125 0.0109375 0.053125
6 0.7140625 0.4171875 0.0109375 0.0640625
4 0.74140625 0.4703125 0.01328125 0.06953125
4 0.465625 0.4765625 0.01875 0.0734375
4 0.203125 0.52734375 0.01640625 0.07734375
4 0.8953125 0.51875 0.01796875 0.0796875
4 0.3234375 0.4125 0.0203125 0.06328125
4 0.4203125 0.7546875 0.01796875 0.09921875
4 0.49375 0.48046875 0.0140625 0.0671875
4 0.8328125 0.415625 0.0171875 0.065625
4 0.915625 0.49375 0.01875 0.075
4 0.86328125 0.63828125 0.02265625 0.0859375
4 0.7046875 0.61875 0.015625 0.08828125
4 0.928125 0.5953125 0.01953125 0.084375
0 0.421875 0.38125 0.00546875 0.01015625