4 0.053125 0.64375 0.021875 0.06484375
4 0.775 0.3703125 0.0109375 0.040625
3 0.1546875 0.3609375 0.0125 0.04765625
4 0.42265625 0.371875 0.01328125 0.03984375
4 0.7265625 0.34921875 0.01328125 0.040625
4 0.290625 0.459375 0.0125 0.05703125
4 0.40625 0.39296875 0.01484375 0.0453125
6 0.4421875 0.4625 0.0140625 0.059375
4 0.265625 0.4578125 0.0140625 0.05703125
4 0.2921875 0.6078125 0.0140625 0.07578125
4 0.4234375 0.5765625 0.01640625 0.07734375
4 0.3609375 0.5296875 0.0109375 0.06953125
4 0.2359375 0.5546875 0.01953125 0.06953125
4 0.0640625 0.5953125 0.034375 0.0609375
4 0.64140625 0.65703125 0.0203125 0.08828125
4 0.65 0.5453125 0.0171875 0.0671875
4 0.91328125 0.6375 0.01640625 0.08046875
4 0.5421875 0.65 0.02109375 0.08046875
4 0.528125 0.478125 0.01640625 0.05859375
4 0.78828125 0.6484375 0.0234375 0.0859375
4 0.3171875 0.6203125 0.01953125 0.0828125
4 0.8578125 0.490625 0.0171875 0.0640625
6 0.5171875 0.2796875 0.00859375 0.0359375