4 0.38125 0.2328125 0.00859375 0.0375
4 0.24296875 0.296875 0.0125 0.05234375
4 0.315625 0.265625 0.01015625 0.046875
4 0.4265625 0.228125 0.0109375 0.0375
4 0.2921875 0.2765625 0.0125 0.04375
4 0.23125 0.30625 0.0109375 0.046875
4 0.45390625 0.2671875 0.009375 0.046875
4 0.3078125 0.2921875 0.009375 0.04921875
6 0.4796875 0.259375 0.009375 0.04765625
4 0.359375 0.28828125 0.009375 0.04921875
4 0.25 0.3296875 0.01328125 0.053125
4 0.6453125 0.240625 0.009375 0.03828125
4 0.85625 0.31328125 0.009375 0.053125
4 0.209375 0.334375 0.0109375 0.05078125
4 0.59375 0.31796875 0.01015625 0.053125
4 0.2890625 0.37734375 0.01328125 0.05859375
4 0.8234375 0.3140625 0.0109375 0.05546875
4 0.503125 0.3234375 0.015625 0.053125
4 0.8390625 0.3859375 0.0171875 0.065625
3 0.175 0.29375 0.01171875 0.04296875
4 0.378125 0.2265625 0.00859375 0.03828125
6 0.9703125 0.2453125 0.0125 0.05703125