0 0.359375 0.3859375 0.00625 0.01015625
4 0.55859375 0.25625 0.0078125 0.0390625
4 0.615625 0.2375 0.0109375 0.0375
4 0.51171875 0.2546875 0.009375 0.0453125
4 0.778125 0.26328125 0.009375 0.04296875
4 0.365625 0.265625 0.009375 0.04296875
4 0.528125 0.2609375 0.009375 0.04296875
6 0.6609375 0.3203125 0.01015625 0.04921875
3 0.05 0.3203125 0.0140625 0.05234375
4 0.384375 0.26328125 0.015625 0.046875
4 0.3921875 0.346875 0.0109375 0.05078125
4 0.63515625 0.3546875 0.01484375 0.0546875
4 0.7109375 0.2828125 0.0125 0.04921875
4 0.846875 0.32578125 0.01171875 0.05546875
4 0.83359375 0.32578125 0.0125 0.053125
4 0.1171875 0.43828125 0.01640625 0.071875
4 0.559375 0.415625 0.01015625 0.05703125
4 0.4 0.4328125 0.02109375 0.06484375
4 0.35 0.359375 0.0109375 0.06015625
4 0.809375 0.5 0.01640625 0.07734375
4 0.6703125 0.734375 0.0296875 0.103125
4 0.5796875 0.340625 0.0109375 0.05078125
4 0.67578125 0.51328125 0.0203125 0.07890625
6 0.8453125 0.240625 0.0125 0.04375