4 0.73359375 0.234375 0.01015625 0.04921875
4 0.64375 0.209375 0.0125 0.04765625
4 0.73125 0.3328125 0.0140625 0.0546875
4 0.8765625 0.371875 0.01484375 0.0546875
4 0.6578125 0.3109375 0.01015625 0.05859375
4 0.875 0.4203125 0.015625 0.07265625
4 0.3625 0.25 0.009375 0.05234375
4 0.5953125 0.2875 0.01015625 0.053125
3 0.12734375 0.321875 0.01328125 0.05859375
4 0.51875 0.34921875 0.01328125 0.06484375
4 0.490625 0.278125 0.0109375 0.053125
4 0.5515625 0.3578125 0.0125 0.059375
4 0.3359375 0.35625 0.01796875 0.06015625
4 0.8328125 0.3171875 0.0171875 0.05703125
6 0.7234375 0.3796875 0.0140625 0.071875
4 0.86171875 0.4625 0.01640625 0.07890625
4 0.5359375 0.4609375 0.0203125 0.07421875
4 0.6859375 0.3890625 0.01875 0.065625
4 0.1734375 0.46796875 0.0171875 0.075
4 0.82109375 0.490625 0.01953125 0.07265625
4 0.8421875 0.59765625 0.0296875 0.0921875
4 0.5109375 0.7515625 0.02734375 0.103125
6 0.8046875 0.20390625 0.0125 0.05
0 0.3390625 0.3671875 0.00625 0.0109375