4 0.35625 0.240625 0.0109375 0.0390625
4 0.1984375 0.28671875 0.0109375 0.04296875
4 0.1828125 0.3296875 0.01015625 0.0546875
4 0.2453125 0.36171875 0.01171875 0.053125
4 0.1109375 0.34453125 0.01171875 0.05703125
4 0.23125 0.3703125 0.0125 0.05859375
4 0.7 0.28125 0.0109375 0.05
4 0.1 0.43828125 0.01640625 0.065625
4 0.45234375 0.3171875 0.0125 0.05078125
3 0.85546875 0.346875 0.0140625 0.053125
4 0.4265625 0.403125 0.0171875 0.06328125
4 0.48203125 0.39921875 0.01640625 0.06328125
4 0.2234375 0.46328125 0.01484375 0.06796875
4 0.5640625 0.70234375 0.01875 0.0921875
4 0.8796875 0.446875 0.0140625 0.065625
6 0.3015625 0.41796875 0.01640625 0.06796875
4 0.4046875 0.5046875 0.01640625 0.07265625
4 0.15078125 0.52421875 0.015625 0.078125
4 0.0890625 0.52421875 0.01875 0.0796875
4 0.05625 0.4703125 0.015625 0.075
4 0.2484375 0.478125 0.02109375 0.06875
4 0.2078125 0.66015625 0.0265625 0.09453125
0 0.7390625 0.35078125 0.00546875 0.01328125
6 0.1203125 0.24453125 0.009375 0.04375