4 0.5171875 0.29921875 0.0125 0.03125
6 0.2859375 0.28828125 0.009375 0.03671875
4 0.41875 0.3109375 0.009375 0.02890625
4 0.3921875 0.315625 0.015625 0.03359375
6 0.4796875 0.3578125 0.00859375 0.04140625
4 0.5734375 0.3234375 0.009375 0.0375
4 0.40078125 0.334375 0.0125 0.03984375
4 0.4359375 0.371875 0.0125 0.046875
4 0.59375 0.3234375 0.00859375 0.040625
4 0.30625 0.3515625 0.01015625 0.0453125
4 0.51953125 0.365625 0.01015625 0.04375
3 0.98125 0.36875 0.0109375 0.05
4 0.18984375 0.36171875 0.01015625 0.046875
4 0.2046875 0.43046875 0.015625 0.05546875
4 0.646875 0.4484375 0.0125 0.059375
4 0.43203125 0.4046875 0.0125 0.05078125
4 0.4140625 0.4171875 0.0140625 0.05546875
4 0.6859375 0.425 0.01171875 0.059375
4 0.671875 0.5078125 0.01796875 0.0625
4 0.2734375 0.59375 0.01953125 0.0796875
4 0.8296875 0.69375 0.02109375 0.096875
4 0.4 0.31484375 0.0109375 0.034375
0 0.4109375 0.3046875 0.0046875 0.0078125
4 0.490625 0.296875 0.0109375 0.03515625
6 0.8734375 0.76875 0.03125 0.10859375