4 0.50625 0.4953125 0.03671875 0.13515625
4 0.4734375 0.43671875 0.025 0.10703125
4 0.3984375 0.459375 0.03359375 0.11328125
4 0.3375 0.45625 0.0296875 0.09296875
4 0.24765625 0.45390625 0.025 0.10625
4 0.3703125 0.40390625 0.01171875 0.05390625
4 0.49375 0.4078125 0.01171875 0.040625
4 0.51015625 0.38125 0.01484375 0.040625
4 0.53515625 0.3921875 0.015625 0.0484375
4 0.6796875 0.3890625 0.01171875 0.0609375
4 0.8203125 0.434375 0.0171875 0.09375
4 0.8453125 0.39453125 0.01796875 0.05625
4 0.89453125 0.4109375 0.01796875 0.0734375
3 0.32578125 0.3765625 0.0140625 0.04140625
6 0.55390625 0.4 0.01328125 0.0828125
6 0.65703125 0.3609375 0.0109375 0.0375