4 0.47734375 0.41953125 0.009375 0.0796875
4 0.3296875 0.38828125 0.0125 0.05
4 0.38359375 0.38671875 0.01875 0.05546875
4 0.43515625 0.3859375 0.01171875 0.05234375
4 0.4640625 0.37265625 0.01015625 0.04453125
4 0.54609375 0.3859375 0.0109375 0.046875
4 0.56796875 0.37890625 0.01328125 0.05390625
4 0.634375 0.375 0.01484375 0.0328125
4 0.68046875 0.36953125 0.009375 0.03515625
4 0.803125 0.39921875 0.0234375 0.06171875
4 0.909375 0.4515625 0.04609375 0.11953125
4 0.85 0.3828125 0.0125 0.04453125
4 0.76328125 0.37265625 0.00859375 0.02890625
4 0.73046875 0.37421875 0.0109375 0.03515625
6 0.5921875 0.38671875 0.02109375 0.075
6 0.6453125 0.3484375 0.00625 0.025
3 0.33984375 0.36328125 0.01015625 0.04140625