4 0.50625 0.41796875 0.02578125 0.0921875
4 0.5515625 0.3734375 0.0109375 0.05625
4 0.56328125 0.36015625 0.0109375 0.03828125
4 0.596875 0.37109375 0.015625 0.05625
4 0.45859375 0.36015625 0.0109375 0.03984375
4 0.44375 0.3703125 0.0109375 0.05
4 0.39296875 0.37421875 0.015625 0.05234375
4 0.3328125 0.38828125 0.01796875 0.06484375
4 0.64453125 0.36484375 0.01484375 0.04609375
4 0.69453125 0.3625 0.0140625 0.040625
4 0.74921875 0.36015625 0.01171875 0.03515625
4 0.82421875 0.38828125 0.0234375 0.06171875
4 0.85078125 0.36875 0.0140625 0.046875
4 0.96875 0.43828125 0.0375 0.10703125
4 0.99375 0.4046875 0.01015625 0.096875
6 0.6140625 0.375 0.01640625 0.06796875
3 0.3265625 0.35078125 0.0125 0.0375