4 0.3609375 0.3796875 0.0171875 0.06015625
4 0.39921875 0.36640625 0.01953125 0.05625
4 0.45078125 0.35625 0.0078125 0.040625
4 0.46171875 0.36484375 0.0078125 0.05078125
4 0.53359375 0.4109375 0.0234375 0.09453125
4 0.5640625 0.3625 0.0078125 0.03828125
4 0.6171875 0.3609375 0.0125 0.0515625
4 0.56015625 0.353125 0.00546875 0.03203125
4 0.66015625 0.35703125 0.0125 0.046875
4 0.71953125 0.35234375 0.0109375 0.03828125
4 0.7421875 0.35078125 0.01171875 0.02890625
4 0.84921875 0.3765625 0.01875 0.06328125
4 0.9921875 0.38203125 0.015625 0.05390625
3 0.3140625 0.34921875 0.00859375 0.0296875
6 0.52734375 0.33984375 0.0109375 0.0265625
6 0.640625 0.36328125 0.01796875 0.0734375