4 0.33359375 0.3859375 0.01484375 0.0640625
4 0.3921875 0.3734375 0.0171875 0.0546875
4 0.44296875 0.37265625 0.01640625 0.04375
4 0.45859375 0.3609375 0.009375 0.0359375
4 0.503125 0.4140625 0.02421875 0.09140625
4 0.553125 0.375 0.0078125 0.0421875
4 0.5640625 0.36328125 0.0125 0.040625
4 0.5984375 0.37265625 0.0109375 0.0578125
4 0.6453125 0.3625 0.0171875 0.04609375
4 0.6953125 0.36171875 0.0109375 0.03515625
4 0.82734375 0.38125 0.01953125 0.06875
4 0.85078125 0.37109375 0.01484375 0.04375
4 0.97109375 0.42890625 0.03671875 0.11015625
4 0.75 0.3578125 0.0125 0.0328125
4 0.74375 0.35859375 0.0046875 0.03515625
0 0.7515625 0.36953125 0.00546875 0.0171875
6 0.61328125 0.3734375 0.0203125 0.07421875
6 0.54609375 0.34609375 0.01015625 0.0296875
3 0.325 0.35078125 0.01015625 0.03984375