4 0.0484375 0.51328125 0.04453125 0.14453125
4 0.01328125 0.7546875 0.02578125 0.44375
4 0.0515625 0.415625 0.01875 0.0671875
4 0.20078125 0.40625 0.02265625 0.0609375
4 0.353125 0.44296875 0.021875 0.10546875
4 0.3859375 0.45625 0.02265625 0.084375
4 0.29921875 0.4015625 0.01328125 0.0515625
4 0.31484375 0.409375 0.0109375 0.05703125
4 0.47265625 0.40078125 0.01171875 0.03984375
4 0.60546875 0.4296875 0.0109375 0.0765625
4 0.625 0.40625 0.01328125 0.06171875
4 0.7265625 0.4390625 0.0203125 0.08125
4 0.58515625 0.39921875 0.0109375 0.04140625
6 0.365625 0.4109375 0.01640625 0.08125